-0.20792 -0.223283
-0.308909 -0.340662
-0.322806 -0.408016
-0.366272 -0.448477
-0.439756 -0.382669
-0.359547 -0.440694
-0.393316 -0.376483
-0.490329 -0.45043
-0.447138 -0.430589
-0.433058 -0.444822
-0.375555 -0.462493
-0.399119 -0.435303
-0.410035 -0.435901
-0.439945 -0.373773
-0.411638 -0.294618
-0.406325 -0.309008
-0.464133 -0.342591
-0.438507 -0.28274
-0.489353 -0.332964
-0.472392 -0.360273
-0.425829 -0.361006
-0.402519 -0.304276
-0.37113 -0.437245
-0.376334 -0.424881
-0.388285 -0.42056
-0.426182 -0.395005
-0.388735 -0.377289
-0.372768 -0.388768
-0.341072 -0.420704
-0.357806 -0.374725
-0.39024 -0.31174
-0.455009 -0.345459
-0.445619 -0.395336
-0.443847 -0.40052
-0.392011 -0.368015
-0.403051 -0.361896
-0.422029 -0.336464
-0.417742 -0.31887
-0.417547 -0.367047
-0.414447 -0.437694
-0.333801 -0.517127
-0.35255 -0.418687
-0.362827 -0.381739
-0.40652 -0.392075
-0.435874 -0.42509
-0.395199 -0.441972
-0.366016 -0.437335
-0.347125 -0.367254
-0.320933 -0.383775
-0.329012 -0.409914
-0.379592 -0.390826
-0.431039 -0.410778
-0.349097 -0.350727
-0.347086 -0.305491
-0.367685 -0.368029
-0.389028 -0.39818
-0.402862 -0.465581
-0.412641 -0.404863
-0.412235 -0.428637
-0.374108 -0.46021
-0.344029 -0.480048
-0.287329 -0.481479
-0.298895 -0.471122
-0.342245 -0.423699
-0.345793 -0.417479
-0.401872 -0.452209
-0.410103 -0.445575
-0.446904 -0.4624
-0.45115 -0.432451
-0.495125 -0.4014
-0.466272 -0.409418
-0.385032 -0.452343
-0.398643 -0.417274
-0.4086 -0.48066
-0.435405 -0.456242
-0.409696 -0.401549
-0.359369 -0.439586
-0.363832 -0.493311
-0.411907 -0.473752
-0.347738 -0.418861
-0.375155 -0.378967
-0.359344 -0.410621
-0.384346 -0.365559
-0.343523 -0.403112
-0.304215 -0.38669
-0.417347 -0.398233
-0.506932 -0.366159
-0.458404 -0.344084
-0.424591 -0.326119
-0.431642 -0.349698
-0.38497 -0.462604
-0.380935 -0.397515
-0.402504 -0.41928
-0.43738 -0.394795
-0.443501 -0.406291
-0.474649 -0.36959
-0.45046 -0.370375
-0.472345 -0.37927
-0.394021 -0.418784
-0.460243 -0.445345
-0.46661 -0.442392
-0.510032 -0.434132
-0.475068 -0.417047
-0.493853 -0.411484
-0.492089 -0.385131
-0.405115 -0.373229
-0.408015 -0.366982
-0.46428 -0.372601
-0.459964 -0.410646
-0.497803 -0.411884
-0.379273 -0.400065
-0.363379 -0.341598
-0.321072 -0.317134
-0.391223 -0.317914
-0.428897 -0.341139
-0.364062 -0.325303
-0.461826 -0.401428
-0.465285 -0.386414
-0.449458 -0.39514
-0.416709 -0.404766
-0.372206 -0.398832
-0.402597 -0.414165
-0.358222 -0.415802
-0.384916 -0.460017
-0.322846 -0.427087
-0.382395 -0.432212
-0.310865 -0.468313
-0.39823 -0.439845
-0.433085 -0.437276
-0.431364 -0.435186
-0.510716 -0.390604
-0.47468 -0.396471
-0.461281 -0.362083
-0.450335 -0.34444
-0.387874 -0.388844
-0.448389 -0.361412
-0.385438 -0.414624
-0.426976 -0.355325
-0.449063 -0.339762
-0.474015 -0.371991
-0.432899 -0.404111
-0.531927 -0.437175
-0.538394 -0.393188
-0.427494 -0.431095
-0.433446 -0.404298
-0.491847 -0.426539
-0.492642 -0.392911
-0.524645 -0.391527
-0.488557 -0.46372
-0.47886 -0.461931
-0.450436 -0.424397
-0.413902 -0.390682
-0.377957 -0.362367
-0.480625 -0.43127
-0.487384 -0.387365
-0.433876 -0.367353
-0.410588 -0.418066
-0.369024 -0.344076
-0.475361 -0.365037
-0.460094 -0.334868
-0.43417 -0.341998
-0.448254 -0.372262
-0.541715 -0.383221
-0.527902 -0.33095
-0.587642 -0.328589
-0.553894 -0.40832
-0.478513 -0.433412
-0.397735 -0.432749
-0.41883 -0.345454
-0.386942 -0.385106
-0.377662 -0.342779
-0.409394 -0.317673
-0.421307 -0.359146
-0.375069 -0.359231
-0.357896 -0.405912
-0.370975 -0.403281
-0.45562 -0.397237
-0.47477 -0.407377
-0.43536 -0.354144
-0.444939 -0.376326
-0.463457 -0.381198
-0.42137 -0.404217
-0.424486 -0.46747
-0.457671 -0.537655
-0.404972 -0.503828
-0.373991 -0.471208
-0.358605 -0.414431
-0.362893 -0.458722
-0.38879 -0.423669
-0.402337 -0.419909
-0.408152 -0.423945
-0.403265 -0.471408
-0.429136 -0.433235
-0.427324 -0.464138
-0.363129 -0.461662
-0.419723 -0.470042
-0.398357 -0.469053
-0.389407 -0.472547
-0.353199 -0.416564
-0.390977 -0.406637
-0.377709 -0.458638
-0.373732 -0.457654
-0.380009 -0.419225
-0.370175 -0.415062
-0.470187 -0.449441
-0.453452 -0.408048
-0.42174 -0.372875
-0.448461 -0.417488
-0.40459 -0.44466
-0.349354 -0.387227
-0.407192 -0.424148
-0.382398 -0.51885
-0.406131 -0.517407
-0.368669 -0.447659
-0.413914 -0.421962
-0.375 -0.41526
-0.424181 -0.391164
-0.328873 -0.395596
-0.378218 -0.420811
-0.456145 -0.437883
-0.426681 -0.398267
-0.500578 -0.407791
-0.365715 -0.424297
-0.386372 -0.305217
-0.368829 -0.373072
-0.367215 -0.431152
-0.387428 -0.465141
-0.371017 -0.415552
-0.347013 -0.413509
-0.386897 -0.44985
-0.410838 -0.390782
-0.404143 -0.388371
-0.459772 -0.457295
-0.425099 -0.42076
-0.465182 -0.430447
-0.375953 -0.366822
-0.410812 -0.385425
-0.391083 -0.390534
-0.410433 -0.387541
-0.34383 -0.424129
-0.380051 -0.413907
-0.397681 -0.354013
-0.361034 -0.348027
-0.387849 -0.352955
-0.454504 -0.327908
-0.423753 -0.368866
-0.488587 -0.388646
-0.411526 -0.392146
-0.467467 -0.413537
-0.478957 -0.384521
-0.43141 -0.424354
-0.506911 -0.382366
-0.529174 -0.350314
-0.487029 -0.432154
-0.450567 -0.380143
-0.545591 -0.417067
-0.487231 -0.445436
-0.542846 -0.451531
-0.514778 -0.412552
-0.553298 -0.409373
-0.573663 -0.407968
-0.61262 -0.457181
-0.5556 -0.424083
-0.525273 -0.395637
-0.42583 -0.412541
-0.440687 -0.400622
-0.467656 -0.405292
-0.477811 -0.374717
-0.409852 -0.287322
-0.40575 -0.329784
-0.42116 -0.391616
-0.356584 -0.392953
-0.298971 -0.393865
-0.358474 -0.394954
-0.3863 -0.397227
-0.350381 -0.399833
-0.348507 -0.451113
-0.336158 -0.429914
-0.391273 -0.408465
-0.39466 -0.512606
-0.410589 -0.463384
-0.350741 -0.404483
-0.357766 -0.434646
-0.3567 -0.453569
-0.335483 -0.413394
-0.380683 -0.487342
-0.341744 -0.446483
-0.320782 -0.463176
-0.366387 -0.446658
-0.397697 -0.488268
-0.361164 -0.422855
-0.438306 -0.444448
-0.395337 -0.40462
-0.411962 -0.408678
-0.413799 -0.432718
-0.446219 -0.445018
-0.391667 -0.387131
-0.433959 -0.442656
-0.480809 -0.444254
-0.402746 -0.362563
-0.405784 -0.398648
-0.408015 -0.410009
-0.424359 -0.389392
-0.394024 -0.382629
-0.383882 -0.475021
-0.408317 -0.471498
-0.328235 -0.48147
-0.36341 -0.491322
-0.352301 -0.460181
-0.39333 -0.374463
-0.385891 -0.382803
-0.302286 -0.344483
-0.400405 -0.411788
-0.344229 -0.361288
-0.355973 -0.323893
-0.355653 -0.360569
-0.364382 -0.412514
-0.368527 -0.436735
-0.342544 -0.452689
-0.418877 -0.384055
-0.406756 -0.381379
-0.377627 -0.446409
-0.414305 -0.466154
-0.434325 -0.475291
-0.447257 -0.467701
-0.437088 -0.49946
-0.427341 -0.368826
-0.390279 -0.353762
-0.444804 -0.374642
-0.452762 -0.458865
-0.387316 -0.410041
-0.413886 -0.365714
-0.400716 -0.344352
-0.420851 -0.301063
-0.352589 -0.36783
-0.326301 -0.361262
-0.356309 -0.327831
-0.352602 -0.366139
-0.353099 -0.317148
-0.348346 -0.337374
-0.399407 -0.409099
-0.359105 -0.38097
-0.338667 -0.359415
-0.395954 -0.339588
-0.344206 -0.415506
-0.351457 -0.415278
-0.352488 -0.489814
-0.372426 -0.470105
-0.352441 -0.451279
-0.346676 -0.388584
-0.357671 -0.370968
-0.310499 -0.341979
-0.334403 -0.37722
-0.374889 -0.381549
-0.480387 -0.463018
-0.433984 -0.326266
-0.415472 -0.29226
-0.402739 -0.354063
-0.445116 -0.354678
-0.438402 -0.357278
-0.434055 -0.416979
-0.461603 -0.38645
-0.402413 -0.367643
-0.357031 -0.334411
-0.435219 -0.389925
-0.458712 -0.399762
-0.44915 -0.409257
-0.499538 -0.346214
-0.428811 -0.331845
-0.427211 -0.290281
-0.362376 -0.279898
-0.387081 -0.32253
-0.357464 -0.401712
-0.324373 -0.416584
-0.298511 -0.35413
-0.339691 -0.339416
-0.344355 -0.311232
-0.333431 -0.336836
-0.351416 -0.383827
-0.331164 -0.445828
-0.373948 -0.378003
-0.405056 -0.33685
-0.387209 -0.345655
-0.3851 -0.352723
-0.425476 -0.374099
-0.386215 -0.383872
-0.415515 -0.399195
-0.424255 -0.416344
-0.499972 -0.473228
-0.391363 -0.406337
-0.419069 -0.360368
-0.378843 -0.421361
-0.373281 -0.393219
-0.418218 -0.415786
-0.412872 -0.381915
-0.358868 -0.444747
-0.385462 -0.450235
-0.428308 -0.530797
-0.458708 -0.442696
-0.466539 -0.415435
-0.441217 -0.437872
-0.462143 -0.465721
-0.37955 -0.386025
-0.383876 -0.461268
-0.387945 -0.445247
-0.351814 -0.490741
-0.367217 -0.520726
-0.453103 -0.490002
-0.384223 -0.414715
-0.353232 -0.449701
-0.4529 -0.499433
-0.357434 -0.451943
-0.354787 -0.39475
-0.327218 -0.409873
-0.361012 -0.415825
-0.403063 -0.42844
-0.415146 -0.424898
-0.394162 -0.452398
-0.447645 -0.455163
-0.397949 -0.402467
-0.454807 -0.430661
-0.428489 -0.412942
-0.430986 -0.477457
-0.393533 -0.414615
-0.42312 -0.469949
-0.384489 -0.427102
-0.34099 -0.348558
-0.396765 -0.33501
-0.338368 -0.312884
-0.375972 -0.39433
-0.393649 -0.412833
-0.423633 -0.383356
-0.428952 -0.389781
-0.364497 -0.339406
-0.395546 -0.40196
-0.364039 -0.389876
-0.380617 -0.46575
-0.397204 -0.433061
-0.416383 -0.438355
-0.404231 -0.410788
-0.359975 -0.344493
-0.372118 -0.351206
-0.358488 -0.401448
-0.375716 -0.376211
-0.358378 -0.349135
-0.385777 -0.35039
-0.380242 -0.335956
-0.424639 -0.330348
-0.456236 -0.318695
-0.443909 -0.403694
-0.408462 -0.404608
-0.392169 -0.408192
-0.361663 -0.413701
-0.325039 -0.413542
-0.349649 -0.363713
-0.392867 -0.349693
-0.393988 -0.394507
-0.426919 -0.399033
-0.422336 -0.415768
-0.45605 -0.43604
-0.375617 -0.415153
-0.391487 -0.350116
-0.431778 -0.375802
-0.404592 -0.434062
-0.434451 -0.40156
-0.437269 -0.354706
-0.465424 -0.452187
-0.450723 -0.463128
-0.456302 -0.411828
-0.396616 -0.405074
-0.380959 -0.359301
-0.398189 -0.407711
-0.382348 -0.332791
-0.341872 -0.372571
-0.356903 -0.375674
-0.371311 -0.409346
-0.458693 -0.396027
-0.423731 -0.389224
-0.457227 -0.49561
-0.394358 -0.464051
-0.383967 -0.451051
-0.395707 -0.354568
-0.374816 -0.34135
-0.38314 -0.283258
-0.439947 -0.407422
-0.400948 -0.546785
-0.368042 -0.467244
-0.367453 -0.417777
-0.374541 -0.33805
-0.367029 -0.42771
-0.428917 -0.472913
-0.446041 -0.379933
-0.410053 -0.371245
-0.413579 -0.402584
-0.42361 -0.39324
-0.459138 -0.383278
-0.39344 -0.337695
-0.43556 -0.365815
-0.314835 -0.359721
-0.351481 -0.370699
-0.347138 -0.366827
-0.359395 -0.368408
-0.323501 -0.431312
-0.349675 -0.395668
-0.367945 -0.414333
-0.351625 -0.483973
-0.376057 -0.516106
-0.420457 -0.485453
-0.399578 -0.469487
-0.375373 -0.416586
-0.361549 -0.446472
-0.397151 -0.405583
-0.305751 -0.391641
-0.341077 -0.390582
-0.428971 -0.404486
-0.412227 -0.320361
-0.443086 -0.40291
-0.401306 -0.344538
-0.395267 -0.401861
-0.394696 -0.428779
-0.355113 -0.45988
-0.410698 -0.455542
-0.413128 -0.372634
-0.409184 -0.424653
-0.286598 -0.422816
-0.365517 -0.45439
-0.365379 -0.490352
-0.364297 -0.576813
-0.303613 -0.565463
-0.354081 -0.570704
-0.394049 -0.446671
-0.491723 -0.505942
-0.454 -0.533839
-0.588114 -0.460076
-0.615766 -0.424557
-0.555254 -0.426477
-0.514697 -0.405145
-0.46937 -0.442803
-0.505302 -0.509608
-0.50649 -0.483791
-0.496722 -0.448853
-0.594888 -0.444061
-0.47121 -0.413171
-0.501907 -0.4164
-0.562965 -0.4376
-0.539596 -0.39625
-0.547921 -0.451524
-0.545694 -0.551628
-0.454648 -0.526765
-0.420933 -0.491832
-0.46132 -0.470676
-0.467052 -0.456736
-0.490498 -0.396814
-0.410662 -0.427194
-0.366736 -0.387987
-0.431801 -0.426561
-0.422949 -0.413095
-0.481405 -0.376968
-0.472405 -0.372179
-0.489128 -0.460972
-0.458402 -0.438028
-0.456872 -0.419022
-0.47233 -0.398786
-0.517637 -0.418978
-0.543149 -0.394005
-0.466086 -0.343281
-0.440359 -0.360184
-0.418152 -0.44484
-0.408944 -0.44433
-0.440408 -0.425838
-0.424455 -0.432105
-0.377143 -0.424215
-0.383096 -0.416759
-0.368672 -0.386924
-0.39156 -0.30507
-0.431367 -0.377926
-0.445114 -0.363685
-0.367844 -0.35944
-0.420008 -0.377126
-0.408043 -0.418682
-0.385417 -0.34967
-0.386125 -0.38617
-0.437096 -0.33996
-0.420922 -0.373133
-0.35094 -0.331979
-0.426385 -0.387441
-0.429909 -0.407982
-0.470748 -0.405927
-0.467139 -0.399179
-0.462912 -0.384973
-0.476024 -0.474424
-0.388881 -0.492271
-0.415508 -0.451666
-0.355317 -0.512934
-0.337567 -0.506043
-0.410898 -0.529469
-0.38568 -0.528282
-0.438328 -0.55799
-0.51837 -0.468974
-0.428525 -0.461372
-0.456616 -0.460141
-0.454286 -0.457496
-0.499123 -0.39157
-0.438993 -0.412029
-0.46787 -0.366807
-0.523956 -0.484654
-0.504277 -0.419233
-0.479189 -0.427827
-0.396209 -0.422235
-0.381225 -0.401163
-0.367401 -0.405378
-0.398154 -0.404926
-0.344434 -0.377688
-0.378828 -0.381848
-0.393436 -0.422665
-0.449076 -0.396044
-0.395011 -0.387778
-0.417141 -0.377259
-0.372439 -0.395503
-0.310212 -0.436237
-0.332758 -0.430098
-0.351861 -0.398582
-0.368384 -0.37457
-0.330831 -0.359424
-0.352164 -0.346911
-0.380308 -0.359193
-0.364968 -0.31794
-0.372986 -0.33595
-0.402192 -0.316546
-0.372671 -0.272107
-0.343923 -0.385404
-0.378909 -0.3579
-0.398429 -0.483456
-0.452298 -0.428796
-0.427095 -0.435219
-0.413981 -0.449676
-0.390401 -0.419773
-0.353057 -0.400229
-0.373166 -0.347278
-0.374599 -0.361282
-0.319723 -0.395403
-0.33587 -0.401903
-0.346045 -0.406431
-0.380806 -0.430449
-0.379981 -0.421854
-0.457193 -0.45963
-0.471371 -0.474166
-0.474102 -0.498098
-0.411824 -0.428371
-0.443964 -0.364369
-0.369737 -0.28168
-0.360686 -0.331231
-0.400124 -0.412408
-0.429909 -0.391914
-0.430293 -0.416599
-0.407222 -0.419001
-0.381016 -0.415146
-0.340078 -0.458348
-0.366819 -0.423389
-0.395963 -0.367707
-0.403787 -0.343173
-0.390276 -0.352295
-0.451702 -0.345092
-0.372473 -0.362896
-0.36171 -0.392236
-0.388495 -0.378675
-0.357253 -0.419546
-0.424552 -0.45824
-0.404112 -0.420856
-0.367638 -0.424042
-0.358968 -0.416991
-0.359258 -0.387021
-0.303937 -0.369497
-0.411441 -0.403125
-0.46285 -0.397165
-0.434881 -0.366701
-0.381268 -0.401544
-0.45629 -0.373019
-0.456753 -0.377731
-0.396415 -0.38356
-0.42586 -0.31206
-0.426159 -0.362179
-0.490554 -0.355852
-0.40802 -0.375719
-0.460961 -0.413244
-0.410094 -0.358812
-0.427741 -0.397881
-0.416993 -0.329843
-0.442581 -0.431171
-0.41044 -0.378058
-0.407458 -0.416161
-0.399452 -0.391154
-0.440685 -0.41204
-0.496734 -0.424027
-0.474821 -0.508257
-0.455544 -0.453547
-0.416764 -0.457202
-0.421756 -0.416598
-0.417654 -0.46139
-0.387178 -0.428676
-0.362308 -0.415338
-0.378358 -0.413971
-0.388048 -0.486438
-0.447476 -0.449465
-0.411608 -0.465274
-0.433572 -0.357233
-0.460042 -0.40355
-0.463281 -0.411166
-0.448394 -0.42932
-0.424732 -0.430991
-0.428875 -0.418924
-0.496879 -0.418905
-0.481474 -0.41205
-0.480224 -0.424343
-0.391144 -0.419011
-0.422659 -0.354557
-0.443402 -0.360406
-0.398794 -0.369479
-0.379939 -0.418216
-0.375387 -0.414331
-0.38961 -0.467619
-0.40425 -0.431143
-0.397866 -0.453787
-0.391396 -0.422478
-0.40792 -0.398727
-0.455607 -0.436163
-0.465834 -0.432483
-0.403315 -0.422713
-0.401993 -0.412076
-0.436909 -0.375869
-0.400362 -0.334801
-0.4113 -0.305239
-0.347682 -0.433622
-0.421429 -0.389427
-0.37665 -0.357493
-0.462852 -0.429857
-0.430378 -0.389589
-0.3901 -0.403063
-0.408774 -0.382127
-0.346281 -0.368789
-0.399835 -0.357973
-0.354065 -0.375146
-0.350108 -0.351013
-0.364972 -0.363425
-0.374523 -0.386941
-0.395389 -0.433052
-0.349173 -0.473002
-0.404983 -0.431348
-0.359906 -0.412657
-0.349029 -0.411138
-0.31522 -0.365307
-0.348633 -0.395012
-0.297241 -0.438163
-0.305372 -0.410781
-0.381285 -0.388214
-0.39638 -0.430167
-0.452756 -0.473654
-0.449171 -0.513088
-0.47283 -0.461496
-0.414585 -0.407817
-0.295708 -0.409152
-0.235033 -0.438653
-0.399444 -0.432238
-0.407421 -0.399824
-0.314307 -0.384099
-0.315528 -0.422304
-0.382743 -0.426284
-0.333549 -0.451301
-0.320903 -0.465065
-0.327413 -0.386834
-0.370026 -0.45879
-0.389792 -0.428431
-0.441075 -0.402369
-0.510099 -0.450567
-0.402 -0.451096
-0.46493 -0.420788
-0.456841 -0.430566
-0.373962 -0.433946
-0.345032 -0.380805
-0.368185 -0.39905
-0.334316 -0.492876
-0.33901 -0.440858
-0.348684 -0.42503
-0.31654 -0.325102
-0.302149 -0.392543
-0.343057 -0.372692
-0.387104 -0.400037
-0.407911 -0.423471
-0.44228 -0.34704
-0.446572 -0.338805
-0.402254 -0.395961
-0.40247 -0.434268
-0.450528 -0.31633
-0.427787 -0.353759
-0.351853 -0.332224
-0.296344 -0.3614
-0.360211 -0.354855
-0.358723 -0.334841
-0.378146 -0.333757
-0.421324 -0.381312
-0.432794 -0.388856
-0.437703 -0.372614
-0.37436 -0.412208
-0.36003 -0.412096
-0.418483 -0.40202
-0.402406 -0.412902
-0.420828 -0.315151
-0.40124 -0.323861
-0.428452 -0.375341
-0.422921 -0.33807
-0.480155 -0.356516
-0.511965 -0.382961
-0.463042 -0.404448
-0.52028 -0.404631
-0.500011 -0.458062
-0.471793 -0.429513
-0.480886 -0.452857
-0.375172 -0.402857
-0.428023 -0.328435
-0.373134 -0.332612
-0.370898 -0.362148
-0.378524 -0.417744
-0.383538 -0.446742
-0.416505 -0.427678
-0.463336 -0.449871
-0.375752 -0.469313
-0.370207 -0.524942
-0.381123 -0.55879
-0.400407 -0.461204
-0.36688 -0.393566
-0.484933 -0.387434
-0.427807 -0.382209
-0.439228 -0.456187
-0.507915 -0.441369
-0.483135 -0.456756
-0.461042 -0.392153
-0.479386 -0.371228
-0.421906 -0.42374
-0.428457 -0.397961
-0.424732 -0.43179
-0.420687 -0.438085
-0.396583 -0.448359
-0.418564 -0.445018
-0.36955 -0.515252
-0.335206 -0.554509
-0.427266 -0.454606
-0.470496 -0.488023
-0.533001 -0.494172
-0.552414 -0.438675
-0.559728 -0.4095
-0.621718 -0.419758
-0.570216 -0.420107
-0.499313 -0.357627
-0.47445 -0.393702
-0.49178 -0.394831
-0.435539 -0.351058
-0.376797 -0.369214
-0.383376 -0.347396
-0.378327 -0.344655
-0.434024 -0.36098
-0.477446 -0.366061
-0.443212 -0.483918
-0.374517 -0.43892
-0.363671 -0.463476
-0.350231 -0.480979
-0.380491 -0.443949
-0.378959 -0.447584
-0.419414 -0.384823
-0.436795 -0.445144
-0.399301 -0.531894
-0.407738 -0.543897
-0.399854 -0.496015
-0.374793 -0.44407
-0.398249 -0.463788
-0.392398 -0.398319
-0.374146 -0.399078
-0.371149 -0.425097
-0.405346 -0.440454
-0.42803 -0.423387
-0.411714 -0.483997
-0.393545 -0.482257
-0.416984 -0.491076
-0.357584 -0.463021
-0.344398 -0.435536
-0.386723 -0.412494
-0.376675 -0.402297
-0.322856 -0.402153
-0.333626 -0.394408
-0.401655 -0.396718
-0.385565 -0.419137
-0.409831 -0.37793
-0.421647 -0.25958
-0.382236 -0.324182
-0.362215 -0.373677
-0.385217 -0.406717
-0.446312 -0.374561
-0.410199 -0.419614
-0.374035 -0.437631
-0.413448 -0.473829
-0.384439 -0.492967
-0.413136 -0.456115
-0.416878 -0.55903
-0.383211 -0.52525
-0.382115 -0.443462
-0.406155 -0.457637
-0.401541 -0.440427
-0.404972 -0.506186
-0.333161 -0.477818
-0.35424 -0.504818
-0.407036 -0.434124
-0.470886 -0.419117
-0.439256 -0.405363
-0.436585 -0.392086
-0.398818 -0.388253
-0.421664 -0.377619
-0.454417 -0.47223
-0.439216 -0.505219
-0.450041 -0.429145
-0.456104 -0.341424
-0.471617 -0.298974
-0.402157 -0.341508
-0.344946 -0.325748
-0.407465 -0.367374
-0.421452 -0.428378
-0.396077 -0.400406
-0.415617 -0.456091
-0.409242 -0.403632
-0.352825 -0.349167
-0.369743 -0.366126
-0.321138 -0.362339
-0.364947 -0.317441
-0.36932 -0.400535
-0.435533 -0.369204
-0.379275 -0.387479
-0.443435 -0.372757
-0.384723 -0.404213
-0.399413 -0.374355
-0.420205 -0.394171
-0.455845 -0.370477
-0.455887 -0.383373
-0.476439 -0.378982
-0.393436 -0.396584
-0.439814 -0.373614
-0.475379 -0.39848
-0.438223 -0.397944
-0.389195 -0.437372
-0.41472 -0.464352
-0.39205 -0.425564
-0.428482 -0.410488
-0.453267 -0.399567
-0.451291 -0.505705
-0.451958 -0.46604
-0.461741 -0.429262
-0.524221 -0.384105
-0.535214 -0.405287
-0.560088 -0.400256
-0.547609 -0.462727
-0.455223 -0.399443
-0.401318 -0.436589
-0.397136 -0.396407
-0.424991 -0.388025
-0.43849 -0.383473
-0.463386 -0.315617
-0.387963 -0.343647
-0.388307 -0.355104
-0.36807 -0.375046
-0.335485 -0.433344
-0.336759 -0.37605
-0.354348 -0.360972
-0.308104 -0.357436
-0.343066 -0.392413
-0.458836 -0.38562
-0.42372 -0.384811
-0.465899 -0.397691
-0.444155 -0.42548
-0.4057 -0.390109
-0.417406 -0.395632
-0.435189 -0.430637
-0.420074 -0.356506
-0.431723 -0.331845
-0.475247 -0.38402
-0.547128 -0.38142
-0.507255 -0.334227
-0.455501 -0.365767
-0.456836 -0.36543
-0.424384 -0.357468
-0.474956 -0.343896
-0.492903 -0.324266
-0.478704 -0.324787
-0.383671 -0.343751
-0.36193 -0.411471
-0.39993 -0.36243
-0.420362 -0.361436
-0.454011 -0.299151
-0.457611 -0.339605
-0.465174 -0.404102
-0.478487 -0.429024
-0.440647 -0.522089
-0.464613 -0.470568
-0.447849 -0.490381
-0.354176 -0.475205
-0.41747 -0.435503
-0.350057 -0.481776
-0.344348 -0.397198
-0.401787 -0.446019
-0.435705 -0.437108
-0.437619 -0.426083
-0.424558 -0.374203
-0.467185 -0.355958
-0.381803 -0.351201
-0.407278 -0.392814
-0.388323 -0.363537
-0.40826 -0.394393
-0.464458 -0.344352
-0.542195 -0.359396
-0.494069 -0.382269
-0.481314 -0.426461
-0.462812 -0.43597
-0.456915 -0.500636
-0.456125 -0.504363
-0.441551 -0.523991
-0.365167 -0.524109
-0.331732 -0.559531
-0.397972 -0.474176
-0.386947 -0.421059
-0.391786 -0.464977
-0.407122 -0.47767
-0.43125 -0.535629
-0.482513 -0.463096
-0.462562 -0.48171
-0.473506 -0.485335
-0.440379 -0.484534
-0.380824 -0.485528
-0.360682 -0.472413
-0.396832 -0.430224
-0.391006 -0.412909
-0.377663 -0.496084
-0.371209 -0.455974
-0.341419 -0.422392
-0.365062 -0.387236
-0.388435 -0.408524
-0.396595 -0.474031
-0.462906 -0.511763
-0.529705 -0.467615
-0.424364 -0.535096
-0.393962 -0.504934
-0.383215 -0.418315
-0.419865 -0.394233
-0.372464 -0.470051
-0.322843 -0.446151
-0.318285 -0.394987
-0.370365 -0.413767
-0.419406 -0.410263
-0.334659 -0.434814
-0.40603 -0.430118
-0.367919 -0.47573
-0.350406 -0.501946
-0.396448 -0.491692
-0.430305 -0.401072
-0.420809 -0.351792
-0.420074 -0.370007
-0.463431 -0.395557
-0.457369 -0.420058
-0.405332 -0.460638
-0.423062 -0.535853
-0.464408 -0.496369
-0.462837 -0.474836
-0.403594 -0.490904
-0.432511 -0.477397
-0.373441 -0.472202
-0.369774 -0.400398
-0.443734 -0.449592
-0.511298 -0.347548
-0.480223 -0.409824
-0.493131 -0.422276
-0.47791 -0.439517
-0.43305 -0.372431
-0.41622 -0.364323
-0.475672 -0.323269
-0.497062 -0.351241
-0.427858 -0.336134
-0.347243 -0.292
-0.325539 -0.345035
-0.365172 -0.306741
-0.405712 -0.432884
-0.340727 -0.389362
-0.350517 -0.453874
-0.389278 -0.480078
-0.40607 -0.466909
-0.498025 -0.383625
-0.42316 -0.359557
-0.507698 -0.367947
-0.47709 -0.385822
-0.471609 -0.38586
-0.415275 -0.444511
-0.455893 -0.450819
-0.426338 -0.492151
-0.47395 -0.393466
-0.432307 -0.399521
-0.40833 -0.442075
-0.40837 -0.372348
-0.437764 -0.404917
-0.469845 -0.414495
-0.557392 -0.376487
-0.48311 -0.351366
-0.554874 -0.364384
-0.496859 -0.305731
-0.459142 -0.295489
-0.459621 -0.315389
-0.488686 -0.395675
-0.475397 -0.405139
-0.439325 -0.458484
-0.492076 -0.433476
-0.467039 -0.519794
-0.393729 -0.472444
-0.412021 -0.472419
-0.440988 -0.423433
-0.463758 -0.441577
-0.544436 -0.399201
-0.460725 -0.374648
-0.44076 -0.402689
-0.520447 -0.42731
-0.42647 -0.439445
-0.37014 -0.41903
-0.415828 -0.366393
-0.307114 -0.376289
-0.358789 -0.369722
-0.324818 -0.405178
-0.386207 -0.402189
-0.375247 -0.478857
-0.442229 -0.362957
-0.428684 -0.372923
-0.377231 -0.38582
-0.384998 -0.392314
-0.363815 -0.385999
-0.303876 -0.346323
-0.367583 -0.403236
-0.392491 -0.371453
-0.407427 -0.316252
-0.345375 -0.370761
-0.363465 -0.380675
-0.395445 -0.373076
-0.426042 -0.362476
-0.396477 -0.341548
-0.40279 -0.415492
-0.383112 -0.41692
-0.339844 -0.337662
-0.40671 -0.350801
-0.347636 -0.32728
-0.317224 -0.410757
-0.371469 -0.381472
-0.375756 -0.392125
-0.354701 -0.40339
-0.311097 -0.381645
-0.398861 -0.400817
-0.396004 -0.425901
-0.363319 -0.399166
-0.431436 -0.386202
-0.367664 -0.396914
-0.389273 -0.386441
-0.425663 -0.404862
-0.491785 -0.387837
-0.474194 -0.406095
-0.427251 -0.381211
-0.434589 -0.441327
-0.449242 -0.415082
-0.407267 -0.360582
-0.332316 -0.403004
-0.398669 -0.458143
-0.387948 -0.397425
-0.360844 -0.455753
-0.377687 -0.435188
-0.369906 -0.448303
-0.416684 -0.456018
-0.380542 -0.497412
-0.320492 -0.479262
-0.308996 -0.455685
-0.458529 -0.409933
-0.376945 -0.396978
-0.433803 -0.388926
-0.463115 -0.39486
-0.464111 -0.421543
-0.485739 -0.454797
-0.42266 -0.367119
-0.403941 -0.466321
-0.405698 -0.448078
-0.329644 -0.459347
-0.437886 -0.397655
-0.443284 -0.354355
-0.472749 -0.306326
-0.461418 -0.35788
-0.471986 -0.359771
-0.456429 -0.388916
-0.425316 -0.352783
-0.512247 -0.384238
-0.458178 -0.368731
-0.426843 -0.400046
-0.446014 -0.424033
-0.412298 -0.430573
-0.352789 -0.398266
-0.330063 -0.403095
-0.408822 -0.384775
-0.394386 -0.407902
-0.384613 -0.354411
-0.391581 -0.398773
-0.386875 -0.427958
-0.384931 -0.436249
-0.329408 -0.463618
-0.350287 -0.384193
-0.408522 -0.449428
-0.355005 -0.412205
-0.474853 -0.41978
-0.427239 -0.407989
-0.378221 -0.473534
-0.407219 -0.41501
-0.423137 -0.410465
-0.388232 -0.431073
-0.446033 -0.429533
-0.432679 -0.329627
-0.448254 -0.404886
-0.487567 -0.432248
-0.527526 -0.426732
-0.484474 -0.458193
-0.471577 -0.470887
-0.431827 -0.441746
-0.402962 -0.480342
-0.423647 -0.451258
-0.438923 -0.45172
-0.46847 -0.37986
-0.461291 -0.402083
-0.52383 -0.376346
-0.557709 -0.374171
-0.503302 -0.36787
-0.475459 -0.407498
-0.467202 -0.437528
-0.459979 -0.373431
-0.441432 -0.306945
-0.467185 -0.344172
-0.483457 -0.344893
-0.438224 -0.337926
-0.413731 -0.404968
-0.414504 -0.347784
-0.390656 -0.411664
-0.428261 -0.443393
-0.38499 -0.43422
-0.429712 -0.410324
-0.405946 -0.375092
-0.415681 -0.396045
-0.414298 -0.414175
-0.368641 -0.377821
-0.375994 -0.338554
-0.405518 -0.47767
-0.424905 -0.472871
-0.407991 -0.458436
-0.445602 -0.423649
-0.460081 -0.410596
-0.404732 -0.41125
-0.454233 -0.454437
-0.330747 -0.413278
-0.293937 -0.369396
-0.294186 -0.382569
-0.351617 -0.460362
-0.399332 -0.411203
-0.340275 -0.419577
-0.350165 -0.457932
-0.36414 -0.409165
-0.459223 -0.483539
-0.353077 -0.480672
-0.421073 -0.401089
-0.451331 -0.355338
-0.489995 -0.340136
-0.565495 -0.376019
-0.433917 -0.407373
-0.456326 -0.424623
-0.455419 -0.435947
-0.454571 -0.440028
-0.44304 -0.423041
-0.450349 -0.401485
-0.436265 -0.363326
-0.44771 -0.389313
-0.402843 -0.438475
-0.418318 -0.405244
-0.391689 -0.416242
-0.36217 -0.375023
-0.310254 -0.389874
-0.363982 -0.387725
-0.332379 -0.299225
-0.395649 -0.326931
-0.338062 -0.330309
-0.420653 -0.31644
-0.440928 -0.345532
-0.395424 -0.390706
-0.41558 -0.501699
-0.37861 -0.44561
-0.373297 -0.460376
-0.389522 -0.433916
-0.432447 -0.41428
-0.446308 -0.400424
-0.442886 -0.433311
-0.426961 -0.39786
-0.511885 -0.443957
-0.498284 -0.460888
-0.526682 -0.521498
-0.460513 -0.498893
-0.461063 -0.481907
-0.491831 -0.457553
-0.351411 -0.490934
-0.437168 -0.446072
-0.438927 -0.479034
-0.43348 -0.461201
-0.362075 -0.454624
-0.348999 -0.42404
-0.429508 -0.421284
-0.379681 -0.413193
-0.343118 -0.363731
-0.365682 -0.382828
-0.313409 -0.468321
-0.378669 -0.50227
-0.378079 -0.443205
-0.401849 -0.391322
-0.394125 -0.319166
-0.386417 -0.376434
-0.397648 -0.393886
-0.392884 -0.452533
-0.379696 -0.468561
-0.386783 -0.433809
-0.359107 -0.461522
-0.373646 -0.398511
-0.362915 -0.292939
-0.364307 -0.341763
-0.389698 -0.373994
-0.405576 -0.375839
-0.423271 -0.390269
-0.533616 -0.418085
-0.532655 -0.358684
-0.542989 -0.344725
-0.478898 -0.358923
-0.395758 -0.33335
-0.416338 -0.437547
-0.395664 -0.448714
-0.437997 -0.425597
-0.433563 -0.433441
-0.370039 -0.413323
-0.384739 -0.368641
-0.409573 -0.382685
-0.364566 -0.470638
-0.478231 -0.477657
-0.436478 -0.502163
-0.435964 -0.469625
-0.495995 -0.409909
-0.410572 -0.400972
-0.443812 -0.380409
-0.479145 -0.411104
-0.422684 -0.407601
-0.423802 -0.40327
-0.457146 -0.446987
-0.464498 -0.432435
-0.466778 -0.397184
-0.448078 -0.385378
-0.36856 -0.351319
-0.367139 -0.372739
-0.365046 -0.3684
-0.352067 -0.350905
-0.438571 -0.37266
-0.354199 -0.343279
-0.392987 -0.380327
-0.368613 -0.378976
-0.385032 -0.41618
-0.327605 -0.462324
-0.392878 -0.420661
-0.397999 -0.403971
-0.36408 -0.429486
-0.363959 -0.421029
-0.40376 -0.332699
-0.407158 -0.316462
-0.415409 -0.427076
-0.426613 -0.44101
-0.387731 -0.449327
-0.381246 -0.431033
-0.408598 -0.427482
-0.358546 -0.347163
-0.375817 -0.441649
-0.343536 -0.470475
-0.447738 -0.429332
-0.479197 -0.430202
-0.412474 -0.416129
-0.408469 -0.428202
-0.398456 -0.466078
-0.43003 -0.441891
-0.413482 -0.401848
-0.431804 -0.367623
-0.453574 -0.35217
-0.439706 -0.426998
-0.447539 -0.478203
-0.453779 -0.451111
-0.451754 -0.415302
-0.469372 -0.472905
-0.371474 -0.425613
-0.401 -0.403851
-0.402178 -0.394892
-0.402275 -0.393732
-0.408603 -0.382573
-0.439542 -0.376909
-0.390573 -0.36327
-0.352977 -0.293555
-0.396649 -0.399077
-0.380915 -0.440183
-0.382624 -0.406149
-0.382763 -0.347282
-0.419202 -0.386886
-0.355499 -0.391529
-0.388057 -0.411735
-0.377976 -0.397538
-0.33757 -0.361901
-0.347063 -0.370869
-0.323959 -0.318842
-0.340862 -0.344439
-0.350992 -0.40169
-0.37719 -0.414961
-0.36408 -0.478578
-0.359556 -0.361622
-0.302111 -0.399189
-0.420508 -0.3988
-0.38636 -0.383898
-0.426412 -0.359897
-0.428173 -0.372524
-0.456818 -0.473418
-0.394282 -0.418215
-0.431641 -0.462906
-0.443737 -0.409592
-0.483799 -0.39696
-0.419884 -0.387312
-0.419691 -0.415327
-0.486196 -0.425161
-0.391431 -0.377017
-0.41709 -0.399959
-0.398892 -0.426025
-0.436401 -0.385516
-0.505837 -0.354809
-0.526065 -0.345871
-0.469914 -0.448073
-0.423607 -0.474145
-0.398864 -0.426601
-0.402054 -0.410271
-0.372866 -0.478921
-0.399918 -0.401731
-0.409993 -0.412841
-0.453152 -0.451437
-0.43887 -0.387279
-0.429884 -0.365563
-0.450758 -0.340194
-0.343006 -0.336068
-0.372378 -0.468393
-0.351192 -0.474103
-0.395466 -0.385264
-0.387648 -0.383183
-0.407881 -0.453981
-0.492975 -0.447676
-0.466329 -0.429701
-0.43582 -0.444446
-0.387352 -0.478647
-0.419015 -0.423326
-0.42615 -0.403876
-0.453927 -0.370787
-0.418615 -0.35299
-0.377305 -0.360463
-0.488719 -0.411435
-0.46256 -0.392933
-0.510174 -0.403027
-0.503315 -0.401979
-0.434438 -0.383718
-0.457618 -0.391622
-0.424583 -0.40817
-0.497573 -0.379756
-0.482972 -0.354482
-0.399862 -0.371108
-0.406097 -0.335288
-0.493805 -0.361739
-0.489159 -0.424833
-0.431686 -0.38799
-0.475632 -0.369133
-0.45585 -0.385033
-0.448299 -0.381961
-0.402209 -0.396755
-0.436964 -0.415377
-0.460478 -0.372593
-0.462797 -0.416971
-0.477262 -0.468138
-0.459576 -0.441253
-0.436029 -0.369712
-0.410236 -0.376139
-0.379277 -0.319914
-0.395277 -0.330547
-0.352658 -0.392734
-0.364867 -0.317189
-0.446303 -0.419601
-0.400333 -0.39671
-0.481379 -0.366862
-0.438904 -0.368237
-0.40838 -0.340812
-0.399177 -0.329131
-0.4286 -0.385419
-0.427778 -0.366264
-0.435074 -0.403919
-0.429904 -0.403415
-0.398717 -0.390594
-0.473961 -0.346766
-0.470088 -0.327371
-0.412045 -0.355135
-0.436418 -0.376827
-0.427352 -0.367758
-0.43299 -0.373733
-0.428351 -0.360794
-0.3739 -0.361215
-0.335406 -0.34487
-0.351466 -0.365084
-0.346913 -0.382461
-0.284244 -0.379309
-0.327035 -0.280635
-0.298535 -0.316766
-0.355525 -0.341224
-0.367157 -0.374766
-0.375836 -0.398526
-0.426455 -0.419496
-0.457786 -0.482843
-0.404421 -0.47097
-0.442522 -0.407658
-0.399386 -0.42087
-0.364203 -0.35962
-0.372259 -0.315273
-0.394063 -0.329773
-0.380431 -0.361737
-0.417614 -0.365494
-0.50145 -0.390643
-0.494881 -0.3813
-0.49835 -0.445729
-0.442482 -0.40554
-0.377219 -0.358166
-0.331798 -0.488014
-0.379944 -0.382416
-0.453655 -0.381738
-0.440452 -0.38806
-0.473515 -0.34384
-0.458612 -0.390038
-0.433317 -0.463752
-0.393982 -0.376832
-0.486346 -0.4954
-0.483978 -0.407213
-0.433393 -0.351234
-0.42487 -0.389124
-0.439618 -0.433165
-0.460038 -0.447826
-0.468041 -0.404586
-0.427736 -0.431079
-0.431209 -0.377921
-0.383672 -0.364442
-0.375349 -0.336318
-0.374853 -0.366227
-0.316407 -0.323119
-0.314423 -0.358357
-0.308989 -0.521212
-0.379256 -0.499137
-0.412911 -0.444044
-0.430882 -0.416096
-0.416325 -0.402613
-0.374281 -0.356027
-0.383709 -0.376967
-0.378805 -0.35803
-0.362394 -0.390868
-0.38175 -0.402459
-0.342587 -0.323167
-0.318325 -0.385061
-0.350654 -0.436023
-0.324367 -0.441644
-0.352226 -0.400036
-0.343461 -0.413431
-0.312542 -0.411225
-0.3789 -0.411474
-0.418645 -0.383629
-0.436054 -0.430354
-0.419267 -0.420059
-0.442394 -0.439814
-0.449465 -0.430456
-0.377312 -0.464817
-0.419572 -0.457937
-0.450274 -0.463119
-0.456364 -0.543543
-0.416743 -0.595194
-0.510796 -0.534876
-0.472484 -0.553841
-0.484696 -0.509464
-0.535127 -0.415254
-0.480671 -0.478864
-0.530721 -0.479425
-0.450133 -0.452125
-0.436359 -0.450618
-0.444269 -0.450564
-0.517628 -0.418209
-0.451441 -0.394537
-0.504327 -0.402127
-0.494569 -0.41721
-0.504739 -0.337222
-0.466987 -0.358439
-0.537575 -0.369351
-0.566882 -0.361126
-0.464074 -0.315234
-0.548334 -0.36742
-0.462377 -0.394157
-0.482686 -0.40588
-0.431578 -0.371138
-0.509706 -0.405834
-0.5058 -0.428114
-0.460974 -0.42656
-0.512677 -0.384674
-0.454876 -0.378691
-0.461922 -0.29408
-0.441375 -0.286331
-0.424758 -0.324339
-0.446626 -0.426304
-0.418365 -0.451645
-0.39866 -0.478382
-0.394585 -0.431588
-0.386413 -0.391004
-0.354393 -0.379064
-0.333596 -0.368592
-0.39057 -0.368691
-0.322452 -0.317225
-0.334292 -0.289995
-0.370093 -0.306413
-0.435772 -0.346424
-0.377525 -0.334574
-0.386134 -0.322658
-0.384832 -0.321153
-0.41057 -0.30832
-0.361037 -0.394836
-0.367443 -0.436303
-0.341445 -0.504963
-0.36065 -0.451671
-0.380789 -0.449637
-0.449181 -0.516542
-0.418089 -0.495185
-0.412025 -0.378956
-0.432874 -0.383608
-0.444167 -0.439323
-0.42137 -0.417874
-0.405253 -0.472612
-0.435798 -0.327263
-0.436764 -0.387102
-0.439623 -0.394099
-0.46236 -0.475284
-0.407963 -0.412778
-0.450706 -0.394685
-0.398713 -0.383934
-0.439152 -0.409341
-0.372837 -0.476794
-0.377855 -0.360702
-0.250218 -0.424083
-0.372313 -0.424609
-0.333832 -0.42507
-0.374016 -0.38026
-0.468084 -0.43125
-0.436987 -0.420231
-0.455071 -0.375396
-0.421929 -0.400462
-0.469407 -0.390931
-0.443339 -0.453322
-0.429537 -0.428894
-0.525452 -0.391795
-0.553666 -0.426631
-0.455951 -0.40268
-0.520494 -0.380343
-0.50116 -0.37327
-0.428121 -0.421939
-0.435745 -0.431182
-0.413025 -0.454335
-0.414957 -0.465811
-0.443582 -0.440368
-0.439895 -0.37524
-0.400503 -0.350095
-0.440973 -0.376477
-0.413325 -0.307071
-0.388002 -0.321271
-0.356078 -0.361324
-0.446002 -0.371157
-0.480808 -0.352336
-0.470869 -0.338415
-0.437368 -0.38127
-0.446556 -0.422012
-0.475315 -0.478116
-0.479 -0.46209
-0.512573 -0.44204
-0.439065 -0.344458
-0.482946 -0.376096
-0.506145 -0.37677
-0.465623 -0.389121
-0.464984 -0.413788
-0.401504 -0.449937
-0.419215 -0.44864
-0.435314 -0.36111
-0.400234 -0.328949
-0.416983 -0.37874
-0.445787 -0.411979
-0.449958 -0.363529
-0.495244 -0.407821
-0.453915 -0.430661
-0.415835 -0.319564
-0.42321 -0.364057
-0.390268 -0.339711
-0.422762 -0.412203
-0.37891 -0.401321
-0.385954 -0.39326
-0.39174 -0.36185
-0.362506 -0.371364
-0.428703 -0.436026
-0.400075 -0.449979
-0.30684 -0.441456
-0.314296 -0.383716
-0.334943 -0.401031
-0.36186 -0.354178
-0.342703 -0.373899
-0.357002 -0.369625
-0.35889 -0.381607
-0.42814 -0.3867
-0.333702 -0.330166
-0.356188 -0.295704
-0.355594 -0.311571
-0.341636 -0.365545
-0.320881 -0.370362
-0.355748 -0.354053
-0.398516 -0.376277
-0.443552 -0.38692
-0.510425 -0.398261
-0.417915 -0.435684
-0.37049 -0.409082
-0.372564 -0.468581
-0.44597 -0.430351
-0.369663 -0.438814
-0.37806 -0.45821
-0.395735 -0.410498
-0.332632 -0.431665
-0.370383 -0.434864
-0.367801 -0.448984
-0.354974 -0.391082
-0.419903 -0.363122
-0.43385 -0.37818
-0.382218 -0.410126
-0.395287 -0.399184
-0.515319 -0.396372
-0.463054 -0.433848
-0.487179 -0.442727
-0.417007 -0.358048
-0.448541 -0.399788
-0.455935 -0.439483
-0.369728 -0.506459
-0.409594 -0.496708
-0.411795 -0.500349
-0.401023 -0.447649
-0.34325 -0.471031
-0.375806 -0.398474
-0.381396 -0.418786
-0.391431 -0.442261
-0.419059 -0.391759
-0.415727 -0.303644
-0.430161 -0.403489
-0.378439 -0.409682
-0.427395 -0.403148
-0.417689 -0.416909
-0.465563 -0.391953
-0.448775 -0.398448
-0.42433 -0.338024
-0.396278 -0.352573
-0.397673 -0.395743
-0.433359 -0.352559
-0.42519 -0.364558
-0.44443 -0.324815
-0.415249 -0.350897
-0.488858 -0.397183
-0.465737 -0.353985
-0.429302 -0.364237
-0.377608 -0.478008
-0.366299 -0.423083
-0.517779 -0.320272
-0.446854 -0.367895
-0.382636 -0.353425
-0.38487 -0.417907
-0.375678 -0.371815
-0.384001 -0.318822
-0.444846 -0.311613
-0.419793 -0.315751
-0.435867 -0.407986
-0.438621 -0.353902
-0.464744 -0.356551
-0.421821 -0.397901
-0.427114 -0.283811
-0.42461 -0.32774
-0.415499 -0.352295
-0.372154 -0.337323
-0.386124 -0.370793
-0.450843 -0.406573
-0.365181 -0.397275
-0.375676 -0.323216
-0.28833 -0.333791
-0.303735 -0.375803
-0.326298 -0.374879
-0.399309 -0.380364
-0.379945 -0.439925
-0.334072 -0.463676
-0.414851 -0.462277
-0.440223 -0.372784
-0.39875 -0.432119
-0.373398 -0.39222
-0.420621 -0.36691
-0.38284 -0.381982
-0.349171 -0.364103
-0.41096 -0.362726
-0.391483 -0.409592
-0.401978 -0.413111
-0.387749 -0.454244
-0.451478 -0.409729
-0.424389 -0.45511
-0.470793 -0.420724
-0.523226 -0.417914
-0.610938 -0.392249
-0.501062 -0.399959
-0.445331 -0.383204
-0.477717 -0.35463
-0.550264 -0.415964
-0.572785 -0.489564
-0.541951 -0.421749
-0.515465 -0.42912
-0.550184 -0.464231
-0.50756 -0.458521
-0.467689 -0.50505
-0.444327 -0.487808
-0.503245 -0.486309
-0.452255 -0.434384
-0.423973 -0.389095
-0.413717 -0.359376
-0.443593 -0.382999
-0.410566 -0.364399
-0.400127 -0.3975
-0.356085 -0.404455
-0.378769 -0.385277
-0.351614 -0.379095
-0.361313 -0.395437
-0.354705 -0.329498
-0.338727 -0.340996
-0.414461 -0.427872
-0.474712 -0.406955
-0.513632 -0.329685
-0.479629 -0.329874
-0.367792 -0.375063
-0.400398 -0.416939
-0.345475 -0.430993
-0.325746 -0.424185
-0.332449 -0.483046
-0.397178 -0.419944
-0.352111 -0.454642
-0.387717 -0.407097
-0.443234 -0.379578
-0.40107 -0.34219
-0.387816 -0.345098
-0.464221 -0.394799
-0.477916 -0.326331
-0.381841 -0.340718
-0.414595 -0.392622
-0.406361 -0.332028
-0.431156 -0.413572
-0.386146 -0.402284
-0.344705 -0.418714
-0.406986 -0.360072
-0.420673 -0.359451
-0.465491 -0.31121
-0.47261 -0.329398
-0.405248 -0.349049
-0.389074 -0.366248
-0.446023 -0.409947
-0.413241 -0.382043
-0.439146 -0.375141
-0.337222 -0.411464
-0.382714 -0.364666
-0.348166 -0.40871
-0.368849 -0.405188
-0.366655 -0.441431
-0.415678 -0.360962
-0.439583 -0.399419
-0.45032 -0.390434
-0.422046 -0.336347
-0.412898 -0.337294
-0.401701 -0.372012
-0.41509 -0.421244
-0.413582 -0.447263
-0.414274 -0.440956
-0.462017 -0.407638
-0.453907 -0.379917
-0.445785 -0.444179
-0.478328 -0.327614
-0.397771 -0.349284
-0.354411 -0.354902
-0.345005 -0.379633
-0.354175 -0.399036
-0.358729 -0.425989
-0.356307 -0.479969
-0.431204 -0.443141
-0.417672 -0.393333
-0.339426 -0.388378
-0.334682 -0.35898
-0.367735 -0.384216
-0.383276 -0.389813
-0.362659 -0.35578
-0.353779 -0.400719
-0.371143 -0.43632
-0.393966 -0.406217
-0.45516 -0.399342
-0.470702 -0.351179
-0.482592 -0.459203
-0.445908 -0.486674
-0.428787 -0.51639
-0.464576 -0.429051
-0.434357 -0.458527
-0.434755 -0.420478
-0.444034 -0.375033
-0.403118 -0.470668
-0.408064 -0.429234
-0.406567 -0.374495
-0.367255 -0.350191
-0.419411 -0.39838
-0.396939 -0.440681
-0.472 -0.406406
-0.39379 -0.3707
-0.4065 -0.401347
-0.399899 -0.356521
-0.300672 -0.36249
-0.324582 -0.416705
-0.336363 -0.393175
-0.332869 -0.383321
-0.324504 -0.34777
-0.448164 -0.39607
-0.42416 -0.394135
-0.44002 -0.384308
-0.350995 -0.434356
-0.4226 -0.430281
-0.359703 -0.387594
-0.372584 -0.483198
-0.419963 -0.421564
-0.382739 -0.466303
-0.342642 -0.416361
-0.376283 -0.49829
-0.373662 -0.435789
-0.435377 -0.489324
-0.420846 -0.439978
-0.379294 -0.426825
-0.386357 -0.396144
-0.338615 -0.434421
-0.40213 -0.423216
-0.419042 -0.314151
-0.399808 -0.351306
-0.422892 -0.376363
-0.402832 -0.36126
-0.383311 -0.427103
-0.341717 -0.500543
-0.310432 -0.50581
-0.372043 -0.450579
-0.328871 -0.439811
-0.319161 -0.424584
-0.274055 -0.468431
-0.33113 -0.416909
-0.36231 -0.435661
-0.336667 -0.380085
-0.349332 -0.390793
-0.347442 -0.376819
-0.3725 -0.372381
-0.412068 -0.344996
-0.390462 -0.326702
-0.421548 -0.366046
-0.345116 -0.428189
-0.459355 -0.392721
-0.404757 -0.38681
-0.391374 -0.406335
-0.412271 -0.470504
-0.411001 -0.383322
-0.373386 -0.379085
-0.360404 -0.407286
-0.365498 -0.39909
-0.392528 -0.461114
-0.387597 -0.423273
-0.404285 -0.374762
-0.426451 -0.454264
-0.401071 -0.476762
-0.437659 -0.447295
-0.472972 -0.491227
-0.444854 -0.490107
-0.437492 -0.483206
-0.396156 -0.490155
-0.388761 -0.493512
-0.453692 -0.431575
-0.444469 -0.398503
-0.428957 -0.423327
-0.336775 -0.40272
-0.363056 -0.335831
-0.3659 -0.364248
-0.425913 -0.400762
-0.440734 -0.404393
-0.436685 -0.481849
-0.407931 -0.386816
-0.390803 -0.351128
-0.408165 -0.33759
-0.413836 -0.408734
-0.366349 -0.446667
-0.397516 -0.447672
-0.293062 -0.353198
-0.312252 -0.384243
-0.345831 -0.449865
-0.340813 -0.408984
-0.389148 -0.394791
-0.39184 -0.398624
-0.403047 -0.341624
-0.380323 -0.377117
-0.345432 -0.362335
-0.340958 -0.38218
-0.353171 -0.438886
-0.423477 -0.41319
-0.409692 -0.411771
-0.383013 -0.431932
-0.409318 -0.398998
-0.304094 -0.383531
-0.314874 -0.401279
-0.294225 -0.381364
-0.426398 -0.430728
-0.400605 -0.441508
-0.396216 -0.421549
-0.393286 -0.383124
-0.354771 -0.376496
-0.362527 -0.372902
-0.354432 -0.46221
-0.392487 -0.388701
-0.37097 -0.413116
-0.356969 -0.383977
-0.345354 -0.384428
-0.399013 -0.410455
-0.38858 -0.493985
-0.456421 -0.43118
-0.39298 -0.510273
-0.388092 -0.479108
-0.395433 -0.44642
-0.401497 -0.466753
-0.422022 -0.453061
-0.376349 -0.477791
-0.418477 -0.446849
-0.440881 -0.419265
-0.412587 -0.408351
-0.357552 -0.391437
-0.356173 -0.402786
-0.365074 -0.422231
-0.33954 -0.43957
-0.370967 -0.488793
-0.403917 -0.434974
-0.350507 -0.535655
-0.371046 -0.519279
-0.453881 -0.402818
-0.426908 -0.39982
-0.459621 -0.378776
-0.434761 -0.357274
-0.472877 -0.31236
-0.43668 -0.408094
-0.412496 -0.431509
-0.451975 -0.443078
-0.46112 -0.454517
-0.392839 -0.485701
-0.393649 -0.456712
-0.514922 -0.418493
-0.445492 -0.377883
-0.503911 -0.425381
-0.397466 -0.387199
-0.336913 -0.402741
-0.340112 -0.459744
-0.389227 -0.436409
-0.418678 -0.481303
-0.446121 -0.432842
-0.45681 -0.389423
-0.417237 -0.402855
-0.422286 -0.385802
-0.450024 -0.388078
-0.461676 -0.319577
-0.429854 -0.388447
-0.413279 -0.353558
-0.416531 -0.440466
-0.455933 -0.424662
-0.361103 -0.483539
-0.344186 -0.441331
-0.361869 -0.430794
-0.429726 -0.46187
-0.408032 -0.463349
-0.395022 -0.431959
-0.391271 -0.434723
-0.341892 -0.433296
-0.305595 -0.395721
-0.357619 -0.394025
-0.341473 -0.364965
-0.416783 -0.407793
-0.425365 -0.392036
-0.475209 -0.403786
-0.441852 -0.357958
-0.462351 -0.30598
-0.473186 -0.37655
-0.436344 -0.411135
-0.470334 -0.372824
-0.435016 -0.381082
-0.396019 -0.398392
-0.415893 -0.427197
-0.440419 -0.386146
-0.411509 -0.41221
-0.437866 -0.367344
-0.396742 -0.349839
-0.325299 -0.367065
-0.305422 -0.405105
-0.340157 -0.425722
-0.383092 -0.427266
-0.38627 -0.391617
-0.371207 -0.389749
-0.348253 -0.36216
-0.404316 -0.373964
-0.434635 -0.450326
-0.432057 -0.433355
-0.404681 -0.377945
-0.359551 -0.401255
-0.330719 -0.311291
-0.448115 -0.295102
-0.40857 -0.364575
-0.434594 -0.353822
-0.508328 -0.329872
-0.518169 -0.427575
-0.536987 -0.464352
-0.5378 -0.480971
-0.453293 -0.476122
-0.497975 -0.418596
-0.371982 -0.378112
-0.459988 -0.437561
-0.399206 -0.462859
-0.447742 -0.482371
-0.494748 -0.467312
-0.456849 -0.451264
-0.380813 -0.381793
-0.390743 -0.465626
-0.333618 -0.332
-0.33429 -0.320453
-0.335504 -0.40743
-0.355009 -0.38891
-0.35897 -0.44398
-0.398724 -0.462993
-0.404325 -0.426343
-0.394196 -0.380675
-0.436041 -0.449144
-0.498289 -0.40159
-0.487754 -0.413907
-0.379392 -0.408564
-0.390409 -0.446396
-0.407396 -0.418379
-0.426652 -0.416186
-0.430058 -0.423572
-0.453115 -0.359557
-0.455028 -0.399387
-0.47102 -0.446898
-0.410593 -0.41011
-0.411544 -0.43105
-0.395168 -0.383555
-0.3312 -0.386503
-0.389322 -0.51098
-0.453489 -0.509736
-0.389553 -0.50873
-0.434932 -0.465594
-0.463421 -0.432408
-0.456887 -0.500186
-0.375869 -0.415886
-0.404966 -0.406687
-0.35063 -0.372996
-0.328428 -0.421763
-0.331894 -0.355836
-0.435326 -0.387605
-0.432634 -0.389128
-0.365919 -0.397864
-0.405901 -0.424431
-0.461676 -0.409923
-0.403736 -0.419327
-0.467061 -0.43996
-0.481918 -0.384878
-0.399305 -0.380388
-0.373623 -0.43998
-0.346456 -0.460303
-0.349262 -0.432759
-0.359252 -0.406657
-0.411087 -0.382772
-0.445713 -0.442747
-0.437441 -0.330808
-0.456666 -0.348827
-0.495546 -0.34406
-0.415354 -0.45107
-0.330254 -0.550842
-0.350712 -0.40642
-0.403631 -0.381473
-0.450926 -0.468882
-0.401765 -0.41264
-0.408912 -0.460929
-0.356233 -0.421405
-0.391503 -0.461706
-0.395526 -0.493107
-0.390257 -0.502333
-0.345701 -0.514541
-0.430125 -0.452867
-0.440778 -0.474116
-0.422726 -0.310203
-0.42898 -0.337788
-0.429108 -0.344664
-0.453271 -0.38813
-0.39821 -0.374788
-0.42608 -0.505568
-0.345782 -0.463782
-0.421161 -0.424054
-0.348971 -0.358192
-0.379255 -0.384534
-0.413494 -0.333292
-0.41311 -0.32352
-0.436937 -0.393773
-0.348239 -0.401093
-0.381368 -0.438876
-0.387555 -0.517511
-0.384812 -0.470759
-0.411631 -0.46977
-0.41465 -0.389015
-0.421784 -0.384905
-0.317015 -0.375975
-0.297649 -0.380568
-0.300824 -0.37496
-0.329143 -0.427512
-0.397099 -0.379555
-0.360628 -0.402358
-0.385704 -0.458598
-0.357066 -0.432946
-0.368612 -0.375611
-0.364276 -0.412026
-0.412285 -0.448848
-0.362659 -0.440473
-0.331564 -0.457082
-0.33827 -0.522901
-0.404785 -0.413987
-0.470996 -0.460459
-0.452888 -0.528786
-0.363362 -0.49513
-0.421107 -0.404057
-0.440775 -0.399497
-0.360187 -0.407704
-0.318197 -0.381709
-0.310748 -0.398477
-0.330953 -0.386163
-0.346367 -0.394798
-0.384759 -0.441559
-0.441058 -0.368729
-0.450841 -0.416825
-0.434303 -0.394143
-0.453346 -0.469951
-0.483227 -0.456154
-0.531985 -0.460742
-0.509534 -0.519725
-0.452207 -0.467689
-0.465845 -0.49876
-0.437361 -0.494274
-0.446482 -0.455293
-0.427933 -0.419883
-0.398904 -0.416108
-0.437458 -0.3999
-0.417956 -0.320663
-0.381919 -0.314891
-0.336413 -0.420865
-0.433134 -0.42423
-0.43977 -0.369763
-0.47165 -0.393113
-0.467429 -0.363546
-0.426895 -0.375401
-0.483167 -0.436718
-0.419939 -0.358503
-0.383013 -0.403903
-0.369841 -0.365655
-0.432523 -0.364081
-0.359749 -0.387809
-0.427875 -0.394617
-0.44103 -0.358238
-0.375511 -0.351087
-0.409693 -0.413806
-0.369781 -0.376015
-0.405918 -0.43038
-0.445149 -0.38579
-0.417947 -0.394972
-0.468665 -0.418275
-0.446208 -0.463558
-0.484293 -0.457729
-0.474691 -0.412063
-0.45346 -0.417852
-0.384762 -0.408251
-0.418368 -0.406241
-0.436687 -0.427541
-0.449667 -0.425013
-0.40572 -0.333407
-0.425531 -0.336713
-0.391407 -0.331027
-0.403873 -0.388101
-0.357229 -0.414873
-0.386232 -0.430967
-0.381176 -0.43757
-0.382178 -0.459685
-0.380447 -0.406631
-0.388781 -0.513733
-0.379848 -0.539579
-0.456436 -0.495968
-0.441224 -0.432467
-0.372973 -0.423043
-0.456735 -0.417517
-0.365483 -0.496978
-0.371688 -0.417807
-0.411856 -0.396018
-0.3714 -0.344446
-0.370229 -0.408007
-0.388675 -0.362903
-0.34219 -0.356347
-0.389904 -0.389685
-0.396023 -0.384681
-0.396766 -0.379736
-0.322232 -0.408681
-0.342784 -0.373676
-0.332976 -0.419602
-0.325672 -0.388283
-0.369789 -0.450551
-0.40879 -0.450733
-0.396028 -0.516784
-0.408491 -0.437955
-0.392756 -0.421807
-0.36157 -0.381581
-0.434775 -0.314633
-0.428889 -0.357734
-0.394402 -0.377601
-0.359943 -0.35455
-0.40317 -0.404924
-0.427762 -0.40308
-0.381273 -0.361197
-0.33296 -0.388759
-0.38252 -0.452625
-0.376106 -0.447073
-0.377892 -0.403654
-0.430718 -0.456491
-0.413105 -0.360686
-0.329807 -0.321192
-0.418532 -0.326261
-0.425575 -0.423553
-0.351463 -0.41523
-0.338808 -0.418656
-0.378327 -0.369013
-0.413253 -0.338128
-0.444813 -0.368329
-0.329483 -0.430654
-0.326123 -0.376729
-0.371006 -0.402089
-0.391826 -0.434072
-0.32927 -0.347693
-0.360272 -0.390968
-0.455309 -0.349297
-0.442272 -0.31159
-0.460581 -0.275158
-0.376104 -0.365699
-0.35925 -0.389144
-0.457486 -0.415877
-0.382692 -0.42277
-0.41602 -0.410457
-0.398116 -0.403778
-0.379864 -0.317318
-0.381062 -0.389271
-0.415129 -0.386348
-0.437105 -0.402018
-0.385571 -0.39353
-0.409863 -0.364027
-0.403543 -0.353464
-0.436734 -0.32377
-0.527387 -0.38716
-0.419336 -0.364697
-0.416379 -0.419851
-0.394097 -0.377456
-0.417155 -0.362712
-0.382404 -0.34183
-0.335382 -0.341966
-0.334019 -0.321182
-0.331745 -0.368962
-0.397486 -0.378397
-0.408365 -0.409919
-0.407829 -0.41561
-0.442187 -0.345666
-0.424548 -0.340446
-0.512652 -0.34442
-0.43989 -0.414098
-0.480445 -0.422417
-0.448648 -0.39607
-0.423677 -0.378209
-0.517509 -0.397799
-0.522909 -0.440389
-0.511006 -0.470158
-0.524405 -0.447813
-0.498274 -0.528947
-0.536252 -0.45096
-0.546519 -0.51652
-0.526098 -0.53728
-0.532099 -0.474222
-0.524372 -0.40023
-0.493317 -0.391791
-0.433031 -0.398882
-0.349472 -0.463742
-0.367768 -0.417289
-0.377526 -0.442876
-0.349542 -0.490808
-0.388424 -0.545186
-0.374971 -0.554785
-0.389679 -0.521508
-0.364372 -0.493742
-0.38631 -0.454396
-0.450852 -0.516382
-0.448926 -0.463741
-0.425747 -0.475158
-0.469177 -0.430612
-0.456508 -0.478661
-0.389663 -0.458266
-0.418853 -0.416774
-0.501341 -0.347533
-0.546687 -0.283049
-0.495337 -0.35292
-0.475153 -0.303461
-0.465869 -0.315558
-0.485543 -0.485746
-0.496035 -0.444125
-0.447333 -0.521643
-0.502884 -0.450493
-0.451378 -0.437024
-0.483489 -0.399422
-0.499813 -0.401901
-0.532694 -0.49312
-0.444584 -0.403696
-0.455628 -0.415944
-0.517527 -0.44267
-0.548673 -0.51278
-0.546146 -0.531692
-0.523852 -0.47937
-0.485669 -0.446917
-0.476371 -0.418658
-0.492165 -0.419376
-0.466265 -0.384757
-0.518552 -0.408255
-0.55983 -0.439021
-0.689041 -0.483561
-0.66913 -0.437935
-0.698753 -0.453555
-0.646724 -0.417667
-0.62531 -0.37955
-0.615689 -0.372249
-0.577896 -0.390539
-0.552271 -0.361693
-0.571612 -0.391552
-0.592522 -0.441702
-0.500519 -0.430826
-0.500856 -0.396252
-0.50224 -0.426164
-0.540848 -0.373397
-0.53082 -0.425966
-0.502766 -0.394431
-0.529485 -0.433145
-0.563502 -0.369658
-0.539843 -0.366089
-0.51374 -0.343452
-0.491071 -0.394241
-0.534283 -0.409729
-0.572618 -0.417967
-0.556783 -0.420209
-0.569682 -0.378348
-0.474802 -0.420994
-0.557916 -0.451054
-0.433993 -0.420697
-0.428047 -0.396341
-0.361418 -0.354283
-0.341671 -0.394586
-0.342922 -0.472923
-0.389744 -0.433271
-0.355109 -0.459663
-0.381995 -0.419847
-0.351854 -0.50074
-0.345352 -0.421737
-0.292575 -0.465404
-0.319115 -0.417053
-0.302003 -0.417235
-0.332673 -0.399952
-0.357055 -0.436815
-0.464967 -0.48973
-0.367847 -0.466828
-0.412129 -0.421936
-0.400473 -0.445998
-0.377171 -0.436307
-0.41243 -0.418772
-0.390475 -0.382379
-0.436945 -0.385203
-0.459606 -0.443788
-0.397644 -0.411723
-0.395185 -0.37598
-0.397914 -0.346528
-0.353812 -0.401654
-0.355354 -0.407358
-0.420536 -0.43096
-0.381228 -0.392776
-0.446556 -0.403239
-0.436563 -0.430444
-0.446019 -0.407201
-0.461633 -0.435207
-0.474377 -0.415426
-0.44085 -0.372762
-0.448984 -0.389592
-0.451675 -0.425481
-0.533818 -0.423257
-0.418897 -0.394965
-0.429332 -0.409855
-0.427295 -0.430719
-0.460901 -0.452868
-0.422964 -0.478707
-0.386719 -0.487056
-0.384136 -0.445979
-0.408921 -0.499762
-0.357503 -0.471575
-0.406629 -0.423074
-0.459772 -0.413231
-0.44848 -0.432129
-0.38623 -0.435401
-0.406112 -0.369625
-0.362636 -0.392825
-0.370632 -0.358934
-0.353937 -0.372375
-0.378358 -0.346904
-0.402809 -0.380339
-0.381034 -0.442597
-0.38833 -0.405417
-0.403379 -0.379748
-0.407741 -0.347955
-0.399084 -0.310013
-0.391237 -0.299706
-0.422812 -0.425702
-0.409241 -0.388942
-0.378423 -0.387758
-0.357298 -0.418507
-0.349471 -0.421682
-0.315826 -0.431556
-0.355921 -0.464626
-0.409047 -0.510134
-0.416678 -0.445112
-0.433083 -0.505322
-0.453522 -0.401415
-0.450659 -0.434134
-0.454961 -0.371023
-0.438277 -0.384581
-0.420324 -0.357017
-0.426206 -0.382438
-0.453719 -0.374159
-0.351174 -0.406889
-0.384215 -0.438269
-0.440116 -0.393191
-0.463083 -0.42593
-0.362449 -0.394823
-0.295384 -0.383466
-0.378792 -0.37758
-0.338512 -0.365162
-0.325219 -0.398757
-0.393063 -0.396311
-0.4292 -0.434767
-0.396379 -0.412152
-0.321605 -0.37439
-0.387777 -0.32678
-0.41677 -0.38
-0.40393 -0.407689
-0.426962 -0.426851
-0.404835 -0.383692
-0.435705 -0.368111
-0.420488 -0.352999
-0.452848 -0.347183
-0.469187 -0.419721
-0.485191 -0.384567
-0.484226 -0.393697
-0.413459 -0.395064
-0.479621 -0.435979
-0.441279 -0.394815
-0.430715 -0.362881
-0.472256 -0.279529
-0.423736 -0.300965
-0.412887 -0.395354
-0.497233 -0.38578
-0.5041 -0.397445
-0.523337 -0.394789
-0.525201 -0.406889
-0.495565 -0.371677
-0.483927 -0.404743
-0.433597 -0.410618
-0.462312 -0.413568
-0.440518 -0.463829
-0.44823 -0.492374
-0.430111 -0.489615
-0.486056 -0.477788
-0.462727 -0.528974
-0.362594 -0.537677
-0.417454 -0.519404
-0.429002 -0.392754
-0.432109 -0.488297
-0.465661 -0.443417
-0.47886 -0.37156
-0.467612 -0.369295
-0.42782 -0.44833
-0.376636 -0.416587
-0.316984 -0.435661
-0.402877 -0.420849
-0.408467 -0.49406
-0.454968 -0.405857
-0.445184 -0.391919
-0.430582 -0.424384
-0.455334 -0.458704
-0.461035 -0.427149
-0.488233 -0.337051
-0.465682 -0.385291
-0.393486 -0.37486
-0.308651 -0.353452
-0.435544 -0.366454
-0.442322 -0.395287
-0.470517 -0.465144
-0.45272 -0.401015
-0.377133 -0.373607
-0.488439 -0.338545
-0.480999 -0.359221
-0.450689 -0.454418
-0.518858 -0.480326
-0.417055 -0.400593
-0.452035 -0.367045
-0.427592 -0.389199
-0.383591 -0.430569
-0.428686 -0.445273
-0.481155 -0.416194
-0.416449 -0.387846
-0.3009 -0.350264
-0.293502 -0.366211
-0.333849 -0.373056
-0.386302 -0.360943
-0.425123 -0.427582
-0.405888 -0.418299
-0.393153 -0.43021
-0.461184 -0.453812
-0.402791 -0.456795
-0.39944 -0.41494
-0.393671 -0.382842
-0.452849 -0.401393
-0.450737 -0.394751
-0.407943 -0.428259
-0.341904 -0.408321
-0.370013 -0.519567
-0.313942 -0.496753
-0.35818 -0.498847
-0.329894 -0.409363
-0.314553 -0.423784
-0.35602 -0.488309
-0.367337 -0.453201
-0.336141 -0.382376
-0.324021 -0.424146
-0.324314 -0.420273
-0.353997 -0.504221
-0.421528 -0.512341
-0.410019 -0.416572
-0.328812 -0.44632
-0.292123 -0.446234
-0.361059 -0.409215
-0.36256 -0.410197
-0.371105 -0.420299
-0.416649 -0.42067
-0.425287 -0.433532
-0.461448 -0.435291
-0.41568 -0.444588
-0.416537 -0.385887
-0.39329 -0.381746
-0.44223 -0.325379
-0.442602 -0.45615
-0.409125 -0.382291
-0.439698 -0.42392
-0.441645 -0.374527
-0.446643 -0.340438
-0.414989 -0.399202
-0.360097 -0.42096
-0.310434 -0.376137
-0.357791 -0.339442
-0.413774 -0.347793
-0.339953 -0.3685
-0.34874 -0.431926
-0.391216 -0.449682
-0.281657 -0.407062
-0.406688 -0.374527
-0.372098 -0.36364
-0.364005 -0.298296
-0.394396 -0.319999
-0.384857 -0.34573
-0.388982 -0.468756
-0.472084 -0.434236
-0.447917 -0.418643
-0.415464 -0.455274
-0.417075 -0.522986
-0.347584 -0.450578
-0.366798 -0.483772
-0.365541 -0.41999
-0.373697 -0.46238
-0.429035 -0.411473
-0.449093 -0.39319
-0.394619 -0.385904
-0.370366 -0.403758
-0.333124 -0.442971
-0.406338 -0.421478
-0.396677 -0.467366
-0.404974 -0.374096
-0.378022 -0.390247
-0.381401 -0.42773
-0.374053 -0.468522
-0.377946 -0.437628
-0.36987 -0.3763
-0.455573 -0.377323
-0.461257 -0.409046
-0.458677 -0.408515
-0.416662 -0.372426
-0.379113 -0.361168
-0.514493 -0.376319
-0.49627 -0.435485
-0.478384 -0.458149
-0.52724 -0.387625
-0.474798 -0.37093
-0.486802 -0.425046
-0.519119 -0.402603
-0.526025 -0.388945
-0.513 -0.378753
-0.456814 -0.377573
-0.479311 -0.41608
-0.519041 -0.374683
-0.435351 -0.36574
-0.379964 -0.401882
-0.367576 -0.38423
-0.359825 -0.396585
-0.353793 -0.347692
-0.35343 -0.375035
-0.513712 -0.434066
-0.359302 -0.407499
-0.414723 -0.40677
-0.413178 -0.369071
-0.407272 -0.434954
-0.453853 -0.458299
-0.522153 -0.498625
-0.480275 -0.479285
-0.474227 -0.48357
-0.49301 -0.393115
-0.465845 -0.426247
-0.457954 -0.386626
-0.445384 -0.395758
-0.460879 -0.458578
-0.403453 -0.465313
-0.387607 -0.454196
-0.376469 -0.419351
-0.457244 -0.354169
-0.402399 -0.393532
-0.382795 -0.38151
-0.370479 -0.386214
-0.310628 -0.371011
-0.319801 -0.331773
-0.325826 -0.311503
-0.329325 -0.376302
-0.34243 -0.395791
-0.317109 -0.417988
-0.388253 -0.44974
-0.43791 -0.361342
-0.447203 -0.36643
-0.464292 -0.341864
-0.389212 -0.347472
-0.351693 -0.373448
-0.362175 -0.355929
-0.414987 -0.380318
-0.443926 -0.388666
-0.480248 -0.423383
-0.401616 -0.360449
-0.35214 -0.344084
-0.415777 -0.36129
-0.465261 -0.389425
-0.531889 -0.417991
-0.546176 -0.399498
-0.414088 -0.383752
-0.392165 -0.377873
-0.448642 -0.435714
-0.472499 -0.441155
-0.438398 -0.443855
-0.44205 -0.418258
-0.352605 -0.432249
-0.393601 -0.471362
-0.386064 -0.423449
-0.418897 -0.343303
-0.451296 -0.362676
-0.448151 -0.410191
-0.445433 -0.36232
-0.478659 -0.385433
-0.469149 -0.388562
-0.415778 -0.364199
-0.423171 -0.396655
-0.435187 -0.469822
-0.427576 -0.384916
-0.453379 -0.364937
-0.382874 -0.363891
-0.390918 -0.448896
-0.396118 -0.436367
-0.443363 -0.425648
-0.39707 -0.425631
-0.333089 -0.366853
-0.337048 -0.474123
-0.36026 -0.475394
-0.344264 -0.447736
-0.374329 -0.36712
-0.373794 -0.402272
-0.381551 -0.456314
-0.431515 -0.442774
-0.396177 -0.462761
-0.446152 -0.508348
-0.453246 -0.494434
-0.553812 -0.397074
-0.504286 -0.364412
-0.502504 -0.419234
-0.417881 -0.403333
-0.433789 -0.453698
-0.445687 -0.442894
-0.419566 -0.401057
-0.358878 -0.366831
-0.405303 -0.334368
-0.357381 -0.350255
-0.421782 -0.39117
-0.393859 -0.309298
-0.325543 -0.424341
-0.39972 -0.47552
-0.2963 -0.420854
-0.395637 -0.461649
-0.358794 -0.445861
-0.367883 -0.407492
-0.39743 -0.409872
-0.39273 -0.409877
-0.402056 -0.380337
-0.346719 -0.356932
-0.387243 -0.414772
-0.380924 -0.388881
-0.347478 -0.385183
-0.314579 -0.319537
-0.334691 -0.319845
-0.394479 -0.365354
-0.401026 -0.32268
-0.353426 -0.357632
-0.324682 -0.27203
-0.338326 -0.285732
-0.393409 -0.310228
-0.373991 -0.297115
-0.371386 -0.3937
-0.406184 -0.391424
-0.380207 -0.371774
-0.412353 -0.372468
-0.414233 -0.432578
-0.353002 -0.393239
-0.380359 -0.44615
-0.381607 -0.398371
-0.397899 -0.344529
-0.44486 -0.359653
-0.464133 -0.395342
-0.518595 -0.376878
-0.44252 -0.367722
-0.464224 -0.363829
-0.473825 -0.382507
-0.454702 -0.335052
-0.477753 -0.445138
-0.506085 -0.486259
-0.480973 -0.508581
-0.427488 -0.434844
-0.399312 -0.464968
-0.456435 -0.442489
-0.521764 -0.438688
-0.464971 -0.468238
-0.474286 -0.456094
-0.452982 -0.394468
-0.444432 -0.394943
-0.406961 -0.420225
-0.340984 -0.442121
-0.425689 -0.414416
-0.49598 -0.385735
-0.509659 -0.31927
-0.506525 -0.374252
-0.581199 -0.374178
-0.492067 -0.350343
-0.449897 -0.3638
-0.497093 -0.363744
-0.52846 -0.358559
-0.411188 -0.31606
-0.378169 -0.313531
-0.401031 -0.363731
-0.428875 -0.433121
-0.463204 -0.406918
-0.465149 -0.371633
-0.458287 -0.373842
-0.437443 -0.358829
-0.431947 -0.337981
-0.351797 -0.360164
-0.358478 -0.348893
-0.345515 -0.391068
-0.367753 -0.409463
-0.368224 -0.374207
-0.345388 -0.345987
-0.379273 -0.379831
-0.351957 -0.335703
-0.408456 -0.361152
-0.415548 -0.451747
-0.404895 -0.394088
-0.372209 -0.376202
-0.404523 -0.381799
-0.329029 -0.365312
-0.341356 -0.37913
-0.356206 -0.402197
-0.511711 -0.390655
-0.485328 -0.397562
-0.429291 -0.373785
-0.382055 -0.358959
-0.363406 -0.389712
-0.391911 -0.397171
-0.362751 -0.443665
-0.362707 -0.457916
-0.351957 -0.474771
-0.48471 -0.516337
-0.436463 -0.489473
-0.436502 -0.440254
-0.361252 -0.39442
-0.425597 -0.347128
-0.379761 -0.386592
-0.381067 -0.414543
-0.418319 -0.414008
-0.363932 -0.411957
-0.376457 -0.437051
-0.34177 -0.437243
-0.404407 -0.433774
-0.428857 -0.439043
-0.450813 -0.421173
-0.459628 -0.363234
-0.477007 -0.405415
-0.412993 -0.376488
-0.354785 -0.367164
-0.363205 -0.402377
-0.387495 -0.371367
-0.380587 -0.35034
-0.445037 -0.338147
-0.44847 -0.347827
-0.36558 -0.371099
-0.316183 -0.37251
-0.336422 -0.368498
-0.308993 -0.341768
-0.316536 -0.434957
-0.346132 -0.426558
-0.369007 -0.435822
-0.423582 -0.360852
-0.391444 -0.363453
-0.331687 -0.397523
-0.374129 -0.379765
-0.374052 -0.361567
-0.415982 -0.342202
-0.412851 -0.433781
-0.443675 -0.34745
-0.39589 -0.437897
-0.39505 -0.466194
-0.344661 -0.451188
-0.450824 -0.407444
-0.472615 -0.469061
-0.476027 -0.46924
-0.434355 -0.484073
-0.378167 -0.543864
-0.375705 -0.522825
-0.359117 -0.612241
-0.355055 -0.571009
-0.395381 -0.587174
-0.372883 -0.489139
-0.403636 -0.542066
-0.370473 -0.511611
-0.368399 -0.505371
-0.34384 -0.535301
-0.340883 -0.454326
-0.345605 -0.419653
-0.313673 -0.344396
-0.327182 -0.416599
-0.330283 -0.42847
-0.3845 -0.410626
-0.411629 -0.46063
-0.429583 -0.477804
-0.459973 -0.552886
-0.481734 -0.544885
-0.442454 -0.478937
-0.384023 -0.449242
-0.333875 -0.469599
-0.353329 -0.421055
-0.340001 -0.498719
-0.373264 -0.547442
-0.423598 -0.52752
-0.4403 -0.547108
-0.390103 -0.502116
-0.445512 -0.484073
-0.436938 -0.496451
-0.440929 -0.459877
-0.45336 -0.396917
-0.443291 -0.447194
-0.449274 -0.465696
-0.465009 -0.461627
-0.46292 -0.409801
-0.366785 -0.375638
-0.415896 -0.348013
-0.427758 -0.305411
-0.41935 -0.375537
-0.373025 -0.408857
-0.43059 -0.388305
-0.376899 -0.408513
-0.320226 -0.411437
-0.362538 -0.49526
-0.3027 -0.401615
-0.311752 -0.41633
-0.351209 -0.422651
-0.357857 -0.437565
-0.39598 -0.433977
-0.361873 -0.420147
-0.320279 -0.381402
-0.369694 -0.378802
-0.457244 -0.390068
-0.40823 -0.388907
-0.426168 -0.41708
-0.374449 -0.390803
-0.356073 -0.427819
-0.363877 -0.453918
-0.364774 -0.457247
-0.409961 -0.484922
-0.412322 -0.47113
-0.393387 -0.499782
-0.456812 -0.480946
-0.442043 -0.545916
-0.3779 -0.45241
-0.393068 -0.477359
-0.429604 -0.526331
-0.459782 -0.480621
-0.400645 -0.460466
-0.419719 -0.380334
-0.423325 -0.366904
-0.380537 -0.399933
-0.419825 -0.490073
-0.40735 -0.446844
-0.392135 -0.424256
-0.424582 -0.439905
-0.368274 -0.480138
-0.428648 -0.498301
-0.491181 -0.424291
-0.44817 -0.347138
-0.374355 -0.361021
-0.371776 -0.410928
-0.409249 -0.451188
-0.363621 -0.466386
-0.391106 -0.443648
-0.368582 -0.405849
-0.334253 -0.407927
-0.353072 -0.456798
-0.285428 -0.376147
-0.333557 -0.419021
-0.375481 -0.407438
-0.455345 -0.388978
-0.469988 -0.334021
-0.490019 -0.408317
-0.512245 -0.388104
-0.52177 -0.45213
-0.400506 -0.418813
-0.429721 -0.450297
-0.393862 -0.469358
-0.379926 -0.425231
-0.370772 -0.407475
-0.382199 -0.371729
-0.347998 -0.460607
-0.393689 -0.444386
-0.418566 -0.43996
-0.440332 -0.477292
-0.400062 -0.460503
-0.403079 -0.43857
-0.394883 -0.433564
-0.393649 -0.498628
-0.406241 -0.471112
-0.420526 -0.407561
-0.456749 -0.37356
-0.406717 -0.42565
-0.398323 -0.403512
-0.391475 -0.431008
-0.397166 -0.430472
-0.452717 -0.367225
-0.446526 -0.319258
-0.437003 -0.331067
-0.446964 -0.305435
-0.342343 -0.37076
-0.350365 -0.347869
-0.346366 -0.312213
-0.439997 -0.375239
-0.384208 -0.414415
-0.430988 -0.412247
-0.419661 -0.418144
-0.439168 -0.408072
-0.42876 -0.410032
-0.438189 -0.395359
-0.420895 -0.429489
-0.465172 -0.368442
-0.454163 -0.372543
-0.354064 -0.430368
-0.38354 -0.36311
-0.392568 -0.328073
-0.409013 -0.505341
-0.442719 -0.570248
-0.444176 -0.492778
-0.471949 -0.409063
-0.484606 -0.390737
-0.541971 -0.487116
-0.567016 -0.494924
-0.474874 -0.419787
-0.447444 -0.42224
-0.486042 -0.407415
-0.407143 -0.411515
-0.426509 -0.4617
-0.440625 -0.406475
-0.437876 -0.409711
-0.444612 -0.458513
-0.496168 -0.446377
-0.489877 -0.407056
-0.514839 -0.361993
-0.378749 -0.373699
-0.409248 -0.419853
-0.437671 -0.408809
-0.474494 -0.399631
-0.50237 -0.421716
-0.430696 -0.436708
-0.402102 -0.43506
-0.401224 -0.45301
-0.389748 -0.488268
-0.419831 -0.419995
-0.458302 -0.481184
-0.442894 -0.46912
-0.46426 -0.451152
-0.522533 -0.449564
-0.471069 -0.308417
-0.481513 -0.316661
-0.44682 -0.383206
-0.407431 -0.39613
-0.389502 -0.360401
-0.31193 -0.421972
-0.378325 -0.402873
-0.406869 -0.375596
-0.416751 -0.406446
-0.453006 -0.391453
-0.424878 -0.418207
-0.48763 -0.361032
-0.501377 -0.413744
-0.410764 -0.489745
-0.465186 -0.509582
-0.415765 -0.46467
-0.382498 -0.510893
-0.363767 -0.48401
-0.367024 -0.511051
-0.363728 -0.411298
-0.364826 -0.353965
-0.402398 -0.319206
-0.379805 -0.330007
-0.394347 -0.426809
-0.347936 -0.392038
-0.378866 -0.380537
-0.375072 -0.363268
-0.356542 -0.302454
-0.378214 -0.346868
-0.390335 -0.361888
-0.370439 -0.342433
-0.336498 -0.383693
-0.363983 -0.367815
-0.385441 -0.362707
-0.486231 -0.441943
-0.483597 -0.47331
-0.509238 -0.470121
-0.435493 -0.404839
-0.423622 -0.412287
-0.393886 -0.404873
-0.408844 -0.377437
-0.376515 -0.358666
-0.395072 -0.427571
-0.329381 -0.394954
-0.415178 -0.415348
-0.416698 -0.395198
-0.507246 -0.375794
-0.497712 -0.407151
-0.393729 -0.39032
-0.464064 -0.410636
-0.421122 -0.374528
-0.436087 -0.375185
-0.410796 -0.376251
-0.431066 -0.343449
-0.37572 -0.428689
-0.440164 -0.42495
-0.385532 -0.399459
-0.41218 -0.36834
-0.399551 -0.371176
-0.444472 -0.345766
-0.490978 -0.42262
-0.447065 -0.47663
-0.400038 -0.491551
-0.399617 -0.486335
-0.464362 -0.549559
-0.444991 -0.469915
-0.455913 -0.485563
-0.441749 -0.405646
-0.441895 -0.458188
-0.426334 -0.380745
-0.343824 -0.408243
-0.327063 -0.37074
-0.385641 -0.388913
-0.392822 -0.464911
-0.386408 -0.374766
-0.426954 -0.436163
-0.464285 -0.402002
-0.373261 -0.435131
-0.361689 -0.454685
-0.394756 -0.404966
-0.392564 -0.439548
-0.403498 -0.385791
-0.491673 -0.469614
-0.497688 -0.375267
-0.522958 -0.376318
-0.441626 -0.349163
-0.448401 -0.470166
-0.474121 -0.412521
-0.441223 -0.33991
-0.413898 -0.417075
-0.49004 -0.429502
-0.431757 -0.420522
-0.387855 -0.414617
-0.434961 -0.443854
-0.363653 -0.482028
-0.359513 -0.397412
-0.386817 -0.493046
-0.428236 -0.501451
-0.384986 -0.423849
-0.320345 -0.267496
-0.388084 -0.276591
-0.439375 -0.328946
-0.401624 -0.315297
-0.400522 -0.366306
-0.365395 -0.358527
-0.387291 -0.376795
-0.400464 -0.351597
-0.412256 -0.383009
-0.377608 -0.325901
-0.430016 -0.334923
-0.414582 -0.360731
-0.376107 -0.340212
-0.443869 -0.375623
-0.441774 -0.360716
-0.436675 -0.415023
-0.473859 -0.386116
-0.39701 -0.384337
-0.450047 -0.379422
-0.475323 -0.386382
-0.428378 -0.438264
-0.447792 -0.45512
-0.44961 -0.35109
-0.513502 -0.39284
-0.520368 -0.361253
-0.509084 -0.386406
-0.543814 -0.395343
-0.44691 -0.371513
-0.457054 -0.372293
-0.45822 -0.414164
-0.451032 -0.387103
-0.427954 -0.433884
-0.392148 -0.42956
-0.416427 -0.45458
-0.440032 -0.459121
-0.460915 -0.409703
-0.472687 -0.348679
-0.466854 -0.307241
-0.446291 -0.315409
-0.472645 -0.351555
-0.405243 -0.36358
-0.413248 -0.413123
-0.405054 -0.3552
-0.421995 -0.321138
-0.336436 -0.372281
-0.315087 -0.390778
-0.408691 -0.398497
-0.380318 -0.378011
-0.432936 -0.416667
-0.408314 -0.411209
-0.405655 -0.411211
-0.489041 -0.448212
-0.548787 -0.456222
-0.507728 -0.470378
-0.513963 -0.451213
-0.491935 -0.465237
-0.439324 -0.489416
-0.488085 -0.491535
-0.504426 -0.463248
-0.468287 -0.475626
-0.480219 -0.508577
-0.386438 -0.480126
-0.373772 -0.413351
-0.437154 -0.418414
-0.464422 -0.510641
-0.427354 -0.489412
-0.383541 -0.574226
-0.421268 -0.500992
-0.367209 -0.468171
-0.393815 -0.446062
-0.418738 -0.401087
-0.404518 -0.442683
-0.4503 -0.465196
-0.46698 -0.394192
-0.412789 -0.423247
-0.403725 -0.381578
-0.379747 -0.376215
-0.465361 -0.373786
-0.455739 -0.387194
-0.431376 -0.374552
-0.328307 -0.42283
-0.323523 -0.412785
-0.389785 -0.37875
-0.354187 -0.383471
-0.362195 -0.379072
-0.375766 -0.440276
-0.364829 -0.398542
-0.367089 -0.38554
-0.371828 -0.385752
-0.408055 -0.437134
-0.376169 -0.430011
-0.408363 -0.442443
-0.394947 -0.448625
-0.435682 -0.470014
-0.38916 -0.432948
-0.409787 -0.432917
-0.420962 -0.375492
-0.393094 -0.33038
-0.377478 -0.412434
-0.402591 -0.376113
-0.460001 -0.447888
-0.451472 -0.388969
-0.431224 -0.435287
-0.451926 -0.411167
-0.431448 -0.439186
-0.379216 -0.378514
-0.379267 -0.40267
-0.430166 -0.385331
-0.404479 -0.410381
-0.377198 -0.345858
-0.422063 -0.327159
-0.40165 -0.326412
-0.398374 -0.286121
-0.372996 -0.334288
-0.360021 -0.391571
-0.35702 -0.353087
-0.455922 -0.336863
-0.458455 -0.320245
-0.452229 -0.364142
-0.395226 -0.369665
-0.422126 -0.38557
-0.44338 -0.393402
-0.388607 -0.380104
-0.389834 -0.436324
-0.337241 -0.410878
-0.387574 -0.428243
-0.326336 -0.370691
-0.303809 -0.342677
-0.31404 -0.349049
-0.369951 -0.398455
-0.408856 -0.460094
-0.399056 -0.445501
-0.412754 -0.410313
-0.380331 -0.429235
-0.364656 -0.39862
-0.366161 -0.410125
-0.406929 -0.347778
-0.412012 -0.380712
-0.415946 -0.430573
-0.371627 -0.454741
-0.392098 -0.423889
-0.449345 -0.369646
-0.435426 -0.386013
-0.410259 -0.44028
-0.371741 -0.422532
-0.327689 -0.42422
-0.337735 -0.486628
-0.288824 -0.45098
-0.362145 -0.394318
-0.417492 -0.377442
-0.369935 -0.482844
-0.394425 -0.369704
-0.40817 -0.432567
-0.427406 -0.461891
-0.338092 -0.465706
-0.370311 -0.414607
-0.354257 -0.446875
-0.433678 -0.458901
-0.447308 -0.474986
-0.46205 -0.491046
-0.461317 -0.44446
-0.425077 -0.480335
-0.422906 -0.442629
-0.421568 -0.355579
-0.41019 -0.406623
-0.360766 -0.4742
-0.370459 -0.374886
-0.355501 -0.389699
-0.387034 -0.426843
-0.399888 -0.42045
-0.437226 -0.423879
-0.409293 -0.415126
-0.398062 -0.399067
-0.373703 -0.34186
-0.438242 -0.393982
-0.428297 -0.431145
-0.425297 -0.402708
-0.328437 -0.378587
-0.35848 -0.356303
-0.42798 -0.373654
-0.365743 -0.427023
-0.444947 -0.409299
-0.391361 -0.471352
-0.379252 -0.467545
-0.350564 -0.424955
-0.364562 -0.358994
-0.344527 -0.357599
-0.335856 -0.363708
-0.375207 -0.355688
-0.363664 -0.320505
-0.428831 -0.407304
-0.43216 -0.359097
-0.414051 -0.379628
-0.378725 -0.450278
-0.4209 -0.454483
-0.359728 -0.426716
-0.377158 -0.337431
-0.443352 -0.374649
-0.435264 -0.429688
-0.453183 -0.389298
-0.392243 -0.423071
-0.388134 -0.406549
-0.451379 -0.441273
-0.463343 -0.503545
-0.490862 -0.431453
-0.484872 -0.430793
-0.437869 -0.401816
-0.417024 -0.370502
-0.319148 -0.391457
-0.354431 -0.490183
-0.331325 -0.463082
-0.32903 -0.467643
-0.281695 -0.462325
-0.385549 -0.373263
-0.367966 -0.411695
-0.351538 -0.494772
-0.386026 -0.476802
-0.37191 -0.469405
-0.337532 -0.480599
-0.311842 -0.465698
-0.394432 -0.440999
-0.418823 -0.453403
-0.462447 -0.426443
-0.45562 -0.431134
-0.456298 -0.432325
-0.454903 -0.52301
-0.367148 -0.442019
-0.379691 -0.370255
-0.269463 -0.429723
-0.408158 -0.495343
-0.434247 -0.424784
-0.416921 -0.383042
-0.430032 -0.502562
-0.439581 -0.425278
-0.387047 -0.440403
-0.364777 -0.413256
-0.453668 -0.416133
-0.501215 -0.350312
-0.468944 -0.339045
-0.460535 -0.37994
-0.42863 -0.358768
-0.371794 -0.423502
-0.354431 -0.398435
-0.354546 -0.402174
-0.390062 -0.434834
-0.392148 -0.406612
-0.410728 -0.430054
-0.424973 -0.468897
-0.422472 -0.393826
-0.413787 -0.432361
-0.418293 -0.394466
-0.406504 -0.427488
-0.363035 -0.441569
-0.400639 -0.515173
-0.453144 -0.488203
-0.46906 -0.464528
-0.446997 -0.368776
-0.390578 -0.432846
-0.377871 -0.513654
-0.422648 -0.479824
-0.441896 -0.45263
-0.384552 -0.395206
-0.415893 -0.333777
-0.470333 -0.383777
-0.420829 -0.317326
-0.410734 -0.463714
-0.36111 -0.431769
-0.419427 -0.394548
-0.411011 -0.390121
-0.401361 -0.447591
-0.363159 -0.438153
-0.403514 -0.376329
-0.512611 -0.406114
-0.462496 -0.398055
-0.371575 -0.435525
-0.377462 -0.425892
-0.308662 -0.362951
-0.291237 -0.418846
-0.305061 -0.326173
-0.317843 -0.339352
-0.338197 -0.364517
-0.314773 -0.413414
-0.305663 -0.36513
-0.334715 -0.423292
-0.33078 -0.461623
-0.374593 -0.442594
-0.411867 -0.405951
-0.394332 -0.431334
-0.425834 -0.378137
-0.449143 -0.424059
-0.42739 -0.395052
-0.493141 -0.381856
-0.434293 -0.4214
-0.464366 -0.337278
-0.40409 -0.38891
-0.387739 -0.390484
-0.409502 -0.431296
-0.408591 -0.365336
-0.501469 -0.37611
-0.449239 -0.447528
-0.421338 -0.390477
-0.406396 -0.419346
-0.380611 -0.441729
-0.498835 -0.439096
-0.479236 -0.496
-0.461928 -0.500983
-0.462872 -0.507391
-0.375169 -0.486309
-0.350111 -0.487499
-0.363029 -0.487166
-0.337007 -0.405913
-0.340208 -0.389641
-0.351957 -0.505452
-0.365699 -0.391889
-0.426394 -0.388457
-0.489026 -0.387305
-0.469792 -0.392115
-0.503499 -0.367592
-0.504743 -0.366989
-0.445098 -0.419226
-0.466308 -0.369181
-0.467878 -0.325591
-0.461696 -0.33752
-0.480595 -0.381796
-0.428216 -0.395664
-0.493886 -0.424297
-0.420015 -0.420322
-0.41382 -0.431412
-0.444503 -0.430842
-0.455637 -0.405569
-0.511458 -0.353403
-0.469 -0.382963
-0.484028 -0.383695
-0.515016 -0.371771
-0.482675 -0.416794
-0.441713 -0.394052
-0.302378 -0.350917
-0.347921 -0.384681
-0.42745 -0.419709
-0.410383 -0.367481
-0.376763 -0.411648
-0.366042 -0.383478
-0.4348 -0.424573
-0.339059 -0.415923
-0.353297 -0.418149
-0.318387 -0.399977
-0.330148 -0.4382
-0.29102 -0.437098
-0.371776 -0.444934
-0.412575 -0.412126
-0.429578 -0.439005
-0.45764 -0.396385
-0.428738 -0.475891
-0.447851 -0.420885
-0.503301 -0.484904
-0.530168 -0.438478
-0.472357 -0.390805
-0.437996 -0.417391
-0.468036 -0.486518
-0.427658 -0.383143
-0.386024 -0.374141
-0.379212 -0.472275
-0.411635 -0.456238
-0.391018 -0.524575
-0.369328 -0.553077
-0.319247 -0.499634
-0.383504 -0.460505
-0.342858 -0.432768
-0.342951 -0.437072
-0.406706 -0.448525
-0.379606 -0.447411
-0.4255 -0.37967
-0.388317 -0.364934
-0.39397 -0.355046
-0.384517 -0.402937
-0.440178 -0.338248
-0.407906 -0.416526
-0.436342 -0.458195
-0.370513 -0.392297
-0.382373 -0.385976
-0.365764 -0.383047
-0.344675 -0.355192
-0.365335 -0.346645
-0.337087 -0.330793
-0.289378 -0.331282
-0.29909 -0.368182
-0.378762 -0.36055
-0.401739 -0.310005
-0.42596 -0.331398
-0.425829 -0.415092
-0.416984 -0.423092
-0.40963 -0.44369
-0.458566 -0.463688
-0.390736 -0.463892
-0.393654 -0.412528
-0.440576 -0.417401
-0.441348 -0.360604
-0.368836 -0.319293
-0.384802 -0.312626
-0.430634 -0.363864
-0.439447 -0.423841
-0.45779 -0.376184
-0.45325 -0.365997
-0.399867 -0.373698
-0.436778 -0.372633
-0.4333 -0.353954
-0.374267 -0.36414
-0.387998 -0.388587
-0.426958 -0.372407
-0.437059 -0.382679
-0.421984 -0.530377
-0.459215 -0.512087
-0.422861 -0.52295
-0.481805 -0.46652
-0.450292 -0.484222
-0.42651 -0.479701
-0.380809 -0.490027
-0.401382 -0.472365
-0.436895 -0.451618
-0.463957 -0.431332
-0.453779 -0.469869
-0.46755 -0.494743
-0.515544 -0.478679
-0.466607 -0.474783
-0.467555 -0.474649
-0.48233 -0.459126
-0.50008 -0.420714
-0.46803 -0.435861
-0.372405 -0.470601
-0.388781 -0.417544
-0.389489 -0.40952
-0.323325 -0.407228
-0.346226 -0.396732
-0.353685 -0.349977
-0.384784 -0.352526
-0.339651 -0.440361
-0.419901 -0.380579
-0.398489 -0.429053
-0.396485 -0.450186
-0.385654 -0.402723
-0.363264 -0.333624
-0.317013 -0.379457
-0.397164 -0.389759
-0.354826 -0.42855
-0.418498 -0.424401
-0.381677 -0.415952
-0.41051 -0.384098
-0.407378 -0.40952
-0.387553 -0.415055
-0.424267 -0.450166
-0.407114 -0.414086
-0.434474 -0.413156
-0.409097 -0.49098
-0.435991 -0.440346
-0.383033 -0.478917
-0.373725 -0.519687
-0.452117 -0.448854
-0.385629 -0.391785
-0.386055 -0.37565
-0.310743 -0.428838
-0.296712 -0.410173
-0.352936 -0.407203
-0.363036 -0.369902
-0.426098 -0.393756
-0.384654 -0.376601
-0.481572 -0.404438
-0.381282 -0.423899
-0.424506 -0.449718
-0.466458 -0.49211
-0.518817 -0.427413
-0.45456 -0.394966
-0.487653 -0.360835
-0.454725 -0.329883
-0.429501 -0.404351
-0.45745 -0.345685
-0.417289 -0.359565
-0.432594 -0.388403
-0.4328 -0.382118
-0.39905 -0.359113
-0.424744 -0.308363
-0.348446 -0.402133
-0.37525 -0.439351
-0.394974 -0.429759
-0.380526 -0.390033
-0.345924 -0.395235
-0.405879 -0.397386
-0.416865 -0.440468
-0.415684 -0.389214
-0.382933 -0.289251
-0.415196 -0.344676
-0.361011 -0.33084
-0.411965 -0.315782
-0.370225 -0.386679
-0.437099 -0.369689
-0.379383 -0.36912
-0.34054 -0.339895
-0.327508 -0.347122
-0.344979 -0.406703
-0.390094 -0.444929
-0.381465 -0.421995
-0.374029 -0.431501
-0.362627 -0.421485
-0.370641 -0.399078
-0.318203 -0.348097
-0.332618 -0.367448
-0.294074 -0.314318
-0.312176 -0.380249
-0.272901 -0.392045
-0.353944 -0.368989
-0.367729 -0.401936
-0.340112 -0.425917
-0.391049 -0.424945
-0.397825 -0.392388
-0.429725 -0.442281
-0.454207 -0.45621
-0.376414 -0.476993
-0.418228 -0.447445
-0.341514 -0.399703
-0.376131 -0.4296
-0.432459 -0.384285
-0.36931 -0.33346
-0.423822 -0.279645
-0.322403 -0.370436
-0.346443 -0.365173
-0.324435 -0.392326
-0.36548 -0.352028
-0.422115 -0.416404
-0.393881 -0.417105
-0.408125 -0.420641
-0.412584 -0.353559
-0.400682 -0.413777
-0.401169 -0.403719
-0.423972 -0.414911
-0.399711 -0.429192
-0.368977 -0.340732
-0.329763 -0.363442
-0.353136 -0.396208
-0.475276 -0.357489
-0.449741 -0.381461
-0.436108 -0.367338
-0.516098 -0.321206
-0.440111 -0.42314
-0.371273 -0.414507
-0.345146 -0.43579
-0.37346 -0.439536
-0.260537 -0.480861
-0.293533 -0.441723
-0.362544 -0.425777
-0.340571 -0.422326
-0.401813 -0.43909
-0.410559 -0.377041
-0.42982 -0.352348
-0.453362 -0.432016
-0.514865 -0.418007
-0.459156 -0.421305
-0.482221 -0.347497
-0.457172 -0.363206
-0.421568 -0.494915
-0.4997 -0.421927
-0.493456 -0.400893
-0.498149 -0.452308
-0.448231 -0.453278
-0.514765 -0.36042
-0.440001 -0.358927
-0.464158 -0.402442
-0.409668 -0.377226
-0.436492 -0.366203
-0.447772 -0.355934
-0.457605 -0.34664
-0.375471 -0.345905
-0.411311 -0.358946
-0.432596 -0.35726
-0.391255 -0.395472
-0.3524 -0.447185
-0.42909 -0.386631
-0.472442 -0.436614
-0.387268 -0.451499
-0.423173 -0.42836
-0.377028 -0.428881
-0.396259 -0.431385
-0.339021 -0.433757
-0.256572 -0.408436
-0.348708 -0.390763
-0.409437 -0.370518
-0.393464 -0.335019
-0.41058 -0.390866
-0.424473 -0.402218
-0.430164 -0.394287
-0.474206 -0.404589
-0.421254 -0.400127
-0.497209 -0.471972
-0.457346 -0.415659
-0.339746 -0.442121
-0.418842 -0.438693
-0.449375 -0.439927
-0.43269 -0.419665
-0.383232 -0.365435
-0.3765 -0.405801
-0.323934 -0.409192
-0.384529 -0.426111
-0.368999 -0.406605
-0.336746 -0.389964
-0.355905 -0.470904
-0.400357 -0.432967
-0.374642 -0.417807
-0.346071 -0.427588
-0.406357 -0.407075
-0.319526 -0.416707
-0.244642 -0.384694
-0.268095 -0.409465
-0.323501 -0.51179
-0.364117 -0.48869
-0.323327 -0.499872
-0.378106 -0.47753
-0.388657 -0.44257
-0.415161 -0.451057
-0.393359 -0.453131
-0.480191 -0.386371
-0.462591 -0.363585
-0.448108 -0.421874
-0.399046 -0.406188
-0.430501 -0.410922
-0.462364 -0.409982
-0.496686 -0.398905
-0.504413 -0.386005
-0.497936 -0.45303
-0.559185 -0.446003
-0.592522 -0.445945
-0.531816 -0.450787
-0.434782 -0.418215
-0.308481 -0.401195
-0.368551 -0.448227
-0.456501 -0.383287
-0.490263 -0.34311
-0.425871 -0.281984
-0.384113 -0.344834
-0.447239 -0.378813
-0.393072 -0.390644
-0.370317 -0.375193
-0.405831 -0.387609
-0.486947 -0.434667
-0.414857 -0.435608
-0.382252 -0.44808
-0.364509 -0.412788
-0.323293 -0.434991
-0.361149 -0.396487
-0.408175 -0.380005
-0.392578 -0.401451
-0.352403 -0.386117
-0.389551 -0.353742
-0.321593 -0.408352
-0.332502 -0.347766
-0.378062 -0.374641
-0.464504 -0.386899
-0.398651 -0.341235
-0.409511 -0.306374
-0.384788 -0.335378
-0.372303 -0.376482
-0.328265 -0.383075
-0.499672 -0.421333
-0.3969 -0.402458
-0.411886 -0.368788
-0.358614 -0.387348
-0.367938 -0.348322
-0.359908 -0.310261
-0.33326 -0.290214
-0.374476 -0.35164
-0.381729 -0.369255
-0.418022 -0.428997
-0.455026 -0.386517
-0.481805 -0.433537
-0.420369 -0.341346
-0.37759 -0.475941
-0.412455 -0.373083
-0.436227 -0.352324
-0.491029 -0.340566
-0.474545 -0.327373
-0.40568 -0.356751
-0.325991 -0.307471
-0.346088 -0.394008
-0.382877 -0.421754
-0.420923 -0.359335
-0.445996 -0.342072
-0.454146 -0.398806
-0.474755 -0.415077
-0.438225 -0.462492
-0.441862 -0.46293
-0.501565 -0.421872
-0.497645 -0.467647
-0.498582 -0.423046
-0.526133 -0.436251
-0.493678 -0.438545
-0.50692 -0.434481
-0.437167 -0.413509
-0.424597 -0.41209
-0.43537 -0.467506
-0.418249 -0.464466
-0.376292 -0.416464
-0.425359 -0.335666
-0.434497 -0.429778
-0.368853 -0.471395
-0.459464 -0.49816
-0.399982 -0.398318
-0.431713 -0.433047
-0.462297 -0.396026
-0.507251 -0.413938
-0.462603 -0.448004
-0.612151 -0.45934
-0.501005 -0.396054
-0.458857 -0.365316
-0.423935 -0.403997
-0.417311 -0.375477
-0.358005 -0.377191
-0.322521 -0.433977
-0.423741 -0.376907
-0.419536 -0.365156
-0.393359 -0.411624
-0.389414 -0.427159
-0.40218 -0.421175
-0.406078 -0.388933
-0.459116 -0.391771
-0.455436 -0.379228
-0.436561 -0.327021
-0.463731 -0.356451
-0.433922 -0.360126
-0.532876 -0.382666
-0.463573 -0.387548
-0.476703 -0.410133
-0.407651 -0.358157
-0.377076 -0.352357
-0.389935 -0.38541
-0.339757 -0.42522
-0.368494 -0.416155
-0.496115 -0.427423
-0.508379 -0.380009
-0.488428 -0.377164
-0.500627 -0.435506
-0.475664 -0.452593
-0.485779 -0.45599
-0.590603 -0.408621
-0.492788 -0.40073
-0.467033 -0.451129
-0.522637 -0.414837
-0.505261 -0.447703
-0.523878 -0.499654
-0.477846 -0.464059
-0.489294 -0.527966
-0.472914 -0.417101
-0.47505 -0.435596
-0.502521 -0.383037
-0.428391 -0.382423
-0.386489 -0.410971
-0.389124 -0.430213
-0.354815 -0.453918
-0.354779 -0.471709
-0.394055 -0.448506
-0.348782 -0.425678
-0.370282 -0.395553
-0.405057 -0.468813
-0.425619 -0.413092
-0.431355 -0.370495
-0.36245 -0.3925
-0.399687 -0.475092
-0.425576 -0.426984
-0.361998 -0.396662
-0.399645 -0.327185
-0.367563 -0.341935
-0.473904 -0.420583
-0.481753 -0.438717
-0.413692 -0.445538
-0.401679 -0.497191
-0.433695 -0.492172
-0.471587 -0.485038
-0.450239 -0.425436
-0.352376 -0.393977
-0.30482 -0.414796
-0.300928 -0.358787
-0.377541 -0.384666
-0.350398 -0.378641
-0.366688 -0.449897
-0.418297 -0.431689
-0.456913 -0.484141
-0.343374 -0.328051
-0.411246 -0.345982
-0.428436 -0.362122
-0.496031 -0.331788
-0.512557 -0.358506
-0.479683 -0.379161
-0.51351 -0.420077
-0.480365 -0.416724
-0.450529 -0.40285
-0.367999 -0.441798
-0.422554 -0.487212
-0.440156 -0.370049
-0.441951 -0.334985
-0.402478 -0.393064
-0.453854 -0.371631
-0.343349 -0.325688
-0.425184 -0.319883
-0.393428 -0.342415
-0.408311 -0.448145
-0.385406 -0.37495
-0.384923 -0.379269
-0.401359 -0.334849
-0.433624 -0.392182
-0.408284 -0.41653
-0.403205 -0.406953
-0.388851 -0.42321
-0.449261 -0.408536
-0.437996 -0.45625
-0.432209 -0.424599
-0.381087 -0.419811
-0.292678 -0.422042
-0.352975 -0.428232
-0.353971 -0.420906
-0.359791 -0.379261
-0.444253 -0.400139
-0.412647 -0.375841
-0.394252 -0.353685
-0.478083 -0.387922
-0.480639 -0.388589
-0.477859 -0.382477
-0.522845 -0.353929
-0.530338 -0.393968
-0.499071 -0.388516
-0.519063 -0.342932
-0.47743 -0.331553
-0.462216 -0.312447
-0.372338 -0.295177
-0.389356 -0.32525
-0.368026 -0.452507
-0.391711 -0.368746
-0.404275 -0.411561
-0.315989 -0.371149
-0.393799 -0.365943
-0.423803 -0.396634
-0.360876 -0.342086
-0.396565 -0.352948
-0.384503 -0.384254
-0.463385 -0.373807
-0.490347 -0.368022
-0.506662 -0.398691
-0.489461 -0.433339
-0.419988 -0.366427
-0.452679 -0.379521
-0.441119 -0.37977
-0.415688 -0.412934
-0.480159 -0.457754
-0.507172 -0.441319
-0.425046 -0.394653
-0.439074 -0.411143
-0.420812 -0.405195
-0.400693 -0.43737
-0.415299 -0.354474
-0.467844 -0.398616
-0.492571 -0.372101
-0.49885 -0.331836
-0.38088 -0.38165
-0.468706 -0.356356
-0.404515 -0.410558
-0.402396 -0.42851
-0.383957 -0.466926
-0.551187 -0.524808
-0.444463 -0.56617
-0.424684 -0.566574
-0.417336 -0.583211
-0.417876 -0.500455
-0.438128 -0.475334
-0.381813 -0.414308
-0.353499 -0.471997
-0.345903 -0.57788
-0.378253 -0.61985
-0.409662 -0.591132
-0.360529 -0.477663
-0.379273 -0.43201
-0.461127 -0.489596
-0.388419 -0.430181
-0.35889 -0.408165
-0.391403 -0.349175
-0.405278 -0.366134
-0.469441 -0.389453
-0.423118 -0.36936
-0.434992 -0.402508
-0.404387 -0.424854
-0.402551 -0.404572
-0.423269 -0.407422
-0.421788 -0.425745
-0.414753 -0.460158
-0.384015 -0.481164
-0.349502 -0.491733
-0.33591 -0.439032
-0.406809 -0.471058
-0.440895 -0.469228
-0.437721 -0.408071
-0.479512 -0.389589
-0.531669 -0.390459
-0.487369 -0.42276
-0.483632 -0.429118
-0.479698 -0.419767
-0.485195 -0.325116
-0.489374 -0.301399
-0.465573 -0.426335
-0.454837 -0.425038
-0.446523 -0.431013
-0.469918 -0.397462
-0.458664 -0.383175
-0.396554 -0.419559
-0.397801 -0.403063
-0.358062 -0.446126
-0.322112 -0.455777
-0.385764 -0.44115
-0.375327 -0.448791
-0.452141 -0.421508
-0.423081 -0.405559
-0.398939 -0.383414
-0.426232 -0.429146
-0.386723 -0.408035
-0.331232 -0.373771
-0.436428 -0.346456
-0.403781 -0.282226
-0.391541 -0.36666
-0.42091 -0.356994
-0.395647 -0.41801
-0.438826 -0.417733
-0.462362 -0.480046
-0.424668 -0.422475
-0.439157 -0.404615
-0.50012 -0.386405
-0.486725 -0.36707
-0.44169 -0.353577
-0.381789 -0.351032
-0.363157 -0.388329
-0.362123 -0.370389
-0.369754 -0.394396
-0.355599 -0.426257
-0.336181 -0.436158
-0.394178 -0.473318
-0.406397 -0.432929
-0.433377 -0.524821
-0.433683 -0.423445
-0.400326 -0.430197
-0.377693 -0.38793
-0.471502 -0.407417
-0.49235 -0.445266
-0.4778 -0.422979
-0.454898 -0.44521
-0.393002 -0.461205
-0.350975 -0.436112
-0.395686 -0.395449
-0.433142 -0.460512
-0.426237 -0.436303
-0.438584 -0.441077
-0.413615 -0.442737
-0.402714 -0.419054
-0.392045 -0.390238
-0.410666 -0.439542
-0.341349 -0.430469
-0.350852 -0.398876
-0.364402 -0.378796
-0.357635 -0.39791
-0.327617 -0.374698
-0.368088 -0.338935
-0.350819 -0.329773
-0.369526 -0.354713
-0.423424 -0.40669
-0.439785 -0.353133
-0.416949 -0.379909
-0.397165 -0.350066
-0.468661 -0.432257
-0.460578 -0.455213
-0.415254 -0.378699
-0.350168 -0.363687
-0.346749 -0.360981
-0.341864 -0.345444
-0.394134 -0.349101
-0.394144 -0.384145
-0.458609 -0.35273
-0.429882 -0.394738
-0.468346 -0.409685
-0.427142 -0.404745
-0.447248 -0.38764
-0.42929 -0.377242
-0.349759 -0.391728
-0.345342 -0.375955
-0.330911 -0.429057
-0.338916 -0.424583
-0.296911 -0.387736
-0.387108 -0.428363
-0.42148 -0.4314
-0.371798 -0.372988
-0.379313 -0.343229
-0.393525 -0.45695
-0.36401 -0.433728
-0.325172 -0.37089
-0.402572 -0.411037
-0.36138 -0.428878
-0.448797 -0.42775
-0.410469 -0.445536
-0.380522 -0.354022
-0.362124 -0.374332
-0.413752 -0.34602
-0.456756 -0.340752
-0.481097 -0.347247
-0.452572 -0.374741
-0.471034 -0.379033
-0.437413 -0.366457
-0.415236 -0.43844
-0.37684 -0.439234
-0.356487 -0.38561
-0.398293 -0.413027
-0.440364 -0.406198
-0.389725 -0.462195
-0.420163 -0.469667
-0.446421 -0.478552
-0.437722 -0.452684
-0.381899 -0.447325
-0.439095 -0.406356
-0.4374 -0.404483
-0.461258 -0.469212
-0.450255 -0.42767
-0.371243 -0.455505
-0.328518 -0.382503
-0.395401 -0.425551
-0.34382 -0.448803
-0.375087 -0.414802
-0.333939 -0.451391
-0.340665 -0.447579
-0.398727 -0.400585
-0.400631 -0.342142
-0.406324 -0.336946
-0.338834 -0.273083
-0.373404 -0.324627
-0.391046 -0.337076
-0.372903 -0.361212
-0.306544 -0.429305
-0.356174 -0.503764
-0.369906 -0.396221
-0.44091 -0.390024
-0.426808 -0.411261
-0.468881 -0.415924
-0.330057 -0.429357
-0.355901 -0.427195
-0.424549 -0.394034
-0.365806 -0.364413
-0.461833 -0.412574
-0.452837 -0.419246
-0.442444 -0.416737
-0.450739 -0.405906
-0.415645 -0.389552
-0.43701 -0.440905
-0.463124 -0.464813
-0.393161 -0.469598
-0.551942 -0.436295
-0.489963 -0.484892
-0.437852 -0.38103
-0.438524 -0.351177
-0.437091 -0.380536
-0.387107 -0.407451
-0.38539 -0.370464
-0.443065 -0.375573
-0.380251 -0.454801
-0.372615 -0.414987
-0.338351 -0.396684
-0.371147 -0.38784
-0.381718 -0.415999
-0.411112 -0.305466
-0.285282 -0.331225
-0.373274 -0.405223
-0.363302 -0.375085
-0.293718 -0.36812
-0.354024 -0.434254
-0.422192 -0.438608
-0.368839 -0.441371
-0.415605 -0.454787
-0.354482 -0.479952
-0.372835 -0.459428
-0.376281 -0.418502
-0.364321 -0.361312
-0.34603 -0.372338
-0.349718 -0.429649
-0.351102 -0.388148
-0.374329 -0.384443
-0.432155 -0.331155
-0.446604 -0.384281
-0.436694 -0.311671
-0.418485 -0.332878
-0.420836 -0.265639
-0.415587 -0.296894
-0.425539 -0.33828
-0.440105 -0.355096
-0.445889 -0.327859
-0.382135 -0.395619
-0.425817 -0.411353
-0.449021 -0.384231
-0.43662 -0.394879
-0.447754 -0.350569
-0.395608 -0.35408
-0.354981 -0.407157
-0.252723 -0.393347
-0.306166 -0.448056
-0.275273 -0.413603
-0.280673 -0.424901
-0.361656 -0.341619
-0.388516 -0.337841
-0.368944 -0.421609
-0.379679 -0.415902
-0.420788 -0.421392
-0.418542 -0.438199
-0.357375 -0.401074
-0.397785 -0.390322
-0.42367 -0.374693
-0.415464 -0.416633
-0.369532 -0.479694
-0.362362 -0.538044
-0.373516 -0.52445
-0.404998 -0.46339
-0.456677 -0.408606
-0.481143 -0.39876
-0.469998 -0.439299
-0.454883 -0.51477
-0.419086 -0.441166
-0.423229 -0.458079
-0.455288 -0.539704
-0.4728 -0.456435
-0.429756 -0.369734
-0.403039 -0.500523
-0.407413 -0.480428
-0.41689 -0.448314
-0.379644 -0.386556
-0.345887 -0.346521
-0.377533 -0.44021
-0.451184 -0.391999
-0.415179 -0.419831
-0.394826 -0.454368
-0.368058 -0.517269
-0.425145 -0.508264
-0.397271 -0.377785
-0.394351 -0.34598
-0.374901 -0.421434
-0.375911 -0.416397
-0.434562 -0.536948
-0.470041 -0.487418
-0.449758 -0.494601
-0.429393 -0.452795
-0.47956 -0.458241
-0.482601 -0.417025
-0.404144 -0.428064
-0.403356 -0.460364
-0.429045 -0.427156
-0.454027 -0.421874
-0.437558 -0.374275
-0.417528 -0.394139
-0.376048 -0.394674
-0.377773 -0.440644
-0.359732 -0.402235
-0.398071 -0.391336
-0.382121 -0.397947
-0.423619 -0.443283
-0.454606 -0.470697
-0.533286 -0.464205
-0.495897 -0.518504
-0.558025 -0.496301
-0.432837 -0.512734
-0.441344 -0.448026
-0.414758 -0.44596
-0.380817 -0.468397
-0.379593 -0.389472
-0.3338 -0.35236
-0.426591 -0.306343
-0.36875 -0.339231
-0.381856 -0.399872
-0.363823 -0.323904
-0.327737 -0.424572
-0.353422 -0.402131
-0.36764 -0.349836
-0.513825 -0.438719
-0.484694 -0.459579
-0.40836 -0.431452
-0.541409 -0.481703
-0.52286 -0.505445
-0.500608 -0.46414
-0.43757 -0.351505
-0.367043 -0.347918
-0.359873 -0.353579
-0.404428 -0.350456
-0.372169 -0.418717
-0.349922 -0.394303
-0.387399 -0.412602
-0.448702 -0.432179
-0.407917 -0.4897
-0.424958 -0.406788
-0.445961 -0.413605
-0.515647 -0.375682
-0.491316 -0.367443
-0.499181 -0.360395
-0.477767 -0.430916
-0.470837 -0.410853
-0.503722 -0.396844
-0.491233 -0.402254
-0.440002 -0.3761
-0.394332 -0.41912
-0.38025 -0.431254
-0.379236 -0.375788
-0.410468 -0.401917
-0.401492 -0.404183
-0.43374 -0.376611
-0.459881 -0.415996
-0.410779 -0.415865
-0.397556 -0.461661
-0.336759 -0.427344
-0.382649 -0.392749
-0.397125 -0.463739
-0.425069 -0.430535
-0.388203 -0.426146
-0.403581 -0.425524
-0.45547 -0.485963
-0.463235 -0.4805
-0.426037 -0.459313
-0.421538 -0.492036
-0.385474 -0.428591
-0.407688 -0.37028
-0.397931 -0.437311
-0.34353 -0.369777
-0.330086 -0.388126
-0.379959 -0.406505
-0.3779 -0.31829
-0.449017 -0.386079
-0.384137 -0.387685
-0.37839 -0.402182
-0.420121 -0.412284
-0.423118 -0.396702
-0.438893 -0.389946
-0.384328 -0.343427
-0.367191 -0.359499
-0.338533 -0.412516
-0.413894 -0.417922
-0.387603 -0.428721
-0.353876 -0.419163
-0.452584 -0.370461
-0.401411 -0.438708
-0.415634 -0.460303
-0.490202 -0.451958
-0.511676 -0.474826
-0.578654 -0.466136
-0.596576 -0.438593
-0.613365 -0.437368
-0.479876 -0.378676
-0.559033 -0.42989
-0.579943 -0.411558
-0.530262 -0.365696
-0.483909 -0.350667
-0.444339 -0.421827
-0.411325 -0.394026
-0.465107 -0.38535
-0.493135 -0.346978
-0.502609 -0.327717
-0.516165 -0.367782
-0.526838 -0.364153
-0.535807 -0.428764
-0.476963 -0.341528
-0.422305 -0.298581
-0.450587 -0.361676
-0.477508 -0.374594
-0.558796 -0.36222
-0.488913 -0.406745
-0.41553 -0.422076
-0.453252 -0.43851
-0.415444 -0.540911
-0.377276 -0.569823
-0.424812 -0.499993
-0.432805 -0.535852
-0.483601 -0.451982
-0.439868 -0.444999
-0.445404 -0.45029
-0.457765 -0.481828
-0.47767 -0.52451
-0.461762 -0.498369
-0.465896 -0.476234
-0.438802 -0.488668
-0.433245 -0.509206
-0.531898 -0.506405
-0.459867 -0.5292
-0.485585 -0.504784
-0.454003 -0.536672
-0.502622 -0.473381
-0.41559 -0.407305
-0.369331 -0.40435
-0.352961 -0.541793
-0.37449 -0.494591
-0.438568 -0.431574
-0.451358 -0.38851
-0.391201 -0.429569
-0.433842 -0.356804
-0.430792 -0.382805
-0.385106 -0.424267
-0.491344 -0.47649
-0.470603 -0.438559
-0.469746 -0.445431
-0.457852 -0.449618
-0.548281 -0.406015
-0.545814 -0.433544
-0.551133 -0.420264
-0.555407 -0.346985
-0.550054 -0.344581
-0.512152 -0.432448
-0.485265 -0.489969
-0.469701 -0.400693
-0.453806 -0.395272
-0.397954 -0.339143
-0.43854 -0.332861
-0.426587 -0.345664
-0.358908 -0.350232
-0.428913 -0.41317
-0.415676 -0.382045
-0.4348 -0.34978
-0.372705 -0.310868
-0.331341 -0.374094
-0.318409 -0.412116
-0.35003 -0.387131
-0.425169 -0.372221
-0.391618 -0.374636
-0.406297 -0.366088
-0.372026 -0.398746
-0.355705 -0.410399
-0.424163 -0.394746
-0.373217 -0.413071
-0.337963 -0.375288
-0.365234 -0.354521
-0.320447 -0.35107
-0.351642 -0.367605
-0.392433 -0.374181
-0.443629 -0.390794
-0.318675 -0.35277
-0.328031 -0.378823
-0.360605 -0.399105
-0.338136 -0.426408
-0.329744 -0.396968
-0.322407 -0.446142
-0.415734 -0.47067
-0.293431 -0.420463
-0.451726 -0.409422
-0.435954 -0.356938
-0.420656 -0.402033
-0.407908 -0.46215
-0.453485 -0.418876
-0.502744 -0.383616
-0.471099 -0.374809
-0.463079 -0.401785
-0.411222 -0.432846
-0.437278 -0.470167
-0.375252 -0.406071
-0.435743 -0.372027
-0.413906 -0.31589
-0.43297 -0.325104
-0.493922 -0.417751
-0.473265 -0.428482
-0.401844 -0.443439
-0.316644 -0.461423
-0.418147 -0.396965
-0.412775 -0.406894
-0.401599 -0.474322
-0.427689 -0.528799
-0.374608 -0.516795
-0.329777 -0.462679
-0.3765 -0.400044
-0.444036 -0.463265
-0.414164 -0.46291
-0.373952 -0.439184
-0.350076 -0.3487
-0.391376 -0.333593
-0.406154 -0.340062
-0.397489 -0.320341
-0.356478 -0.341535
-0.352213 -0.38439
-0.371625 -0.447703
-0.33634 -0.457984
-0.340716 -0.479167
-0.396304 -0.432061
-0.463462 -0.407993
-0.413448 -0.346711
-0.422758 -0.303045
-0.487075 -0.370676
-0.418883 -0.441064
-0.391301 -0.389876
-0.356991 -0.338674
-0.356995 -0.333325
-0.326763 -0.347395
-0.331598 -0.367719
-0.321591 -0.362342
-0.346318 -0.370432
-0.381218 -0.383264
-0.417381 -0.359691
-0.472798 -0.378009
-0.447023 -0.30598
-0.431577 -0.383397
-0.429424 -0.402281
-0.390199 -0.41044
-0.392503 -0.417563
-0.35599 -0.432402
-0.331357 -0.479077
-0.362586 -0.411748
-0.452516 -0.451494
-0.436224 -0.446645
-0.539815 -0.373184
-0.474262 -0.437424
-0.491719 -0.491847
-0.407627 -0.43206
-0.450976 -0.355467
-0.462535 -0.392261
-0.520801 -0.403122
-0.488012 -0.40936
-0.413516 -0.397978
-0.424322 -0.398401
-0.457646 -0.429176
-0.42181 -0.410367
-0.375516 -0.405809
-0.403466 -0.407757
-0.456704 -0.418299
-0.375875 -0.417729
-0.332574 -0.38
-0.351669 -0.431909
-0.362819 -0.321018
-0.32847 -0.350682
-0.319145 -0.442016
-0.387161 -0.453175
-0.380724 -0.361852
-0.384601 -0.384928
-0.406455 -0.376074
-0.456996 -0.34634
-0.479074 -0.382278
-0.453307 -0.447191
-0.425134 -0.437906
-0.411195 -0.407662
-0.405915 -0.517118
-0.358104 -0.43985
-0.396659 -0.451804
-0.386797 -0.385031
-0.443368 -0.392335
-0.408137 -0.345918
-0.403538 -0.421293
-0.494677 -0.397238
-0.485584 -0.362823
-0.474825 -0.356486
-0.419678 -0.372865
-0.424441 -0.378079
-0.470537 -0.422853
-0.459403 -0.445303
-0.391862 -0.426635
-0.409911 -0.406501
-0.415049 -0.404608
-0.384196 -0.467393
-0.423053 -0.404444
-0.475038 -0.470652
-0.384517 -0.417498
-0.347116 -0.449016
-0.398612 -0.464473
-0.342372 -0.520796
-0.335732 -0.422237
-0.340241 -0.420884
-0.305732 -0.476109
-0.356421 -0.474642
-0.333487 -0.449663
-0.431536 -0.410832
-0.439411 -0.404939
-0.38681 -0.428081
-0.38636 -0.390129
-0.365129 -0.385808
-0.415782 -0.396042
-0.432697 -0.423382
-0.351978 -0.341191
-0.393886 -0.300264
-0.38823 -0.31541
-0.317711 -0.363184
-0.38652 -0.386076
-0.404976 -0.394163
-0.380497 -0.425119
-0.451879 -0.419074
-0.479153 -0.45156
-0.410837 -0.459097
-0.35954 -0.453715
-0.371077 -0.455165
-0.367704 -0.400815
-0.498461 -0.343469
-0.465556 -0.38402
-0.399867 -0.338728
-0.417129 -0.361043
-0.408346 -0.329564
-0.412502 -0.356202
-0.445216 -0.368106
-0.436119 -0.457714
-0.409645 -0.369657
-0.405201 -0.432663
-0.414097 -0.381804
-0.380323 -0.351725
-0.401198 -0.360127
-0.38487 -0.36102
-0.395634 -0.408105
-0.426787 -0.432518
-0.413794 -0.376738
-0.430023 -0.369756
-0.475492 -0.37659
-0.443072 -0.3583
-0.441416 -0.392694
-0.501334 -0.363955
-0.458947 -0.433402
-0.469735 -0.407388
-0.408254 -0.35356
-0.403124 -0.351531
-0.388927 -0.310456
-0.412707 -0.40751
-0.369622 -0.386338
-0.445308 -0.407233
-0.372757 -0.304142
-0.37733 -0.328691
-0.328116 -0.362409
-0.35421 -0.443796
-0.407034 -0.425442
-0.41753 -0.39929
-0.444868 -0.477069
-0.435018 -0.447629
-0.47457 -0.421341
-0.520792 -0.388816
-0.424889 -0.413651
-0.372273 -0.389106
-0.44225 -0.341273
-0.436635 -0.437622
-0.410062 -0.410326
-0.485325 -0.380569
-0.424773 -0.371656
-0.380364 -0.41076
-0.394593 -0.42313
-0.401851 -0.490234
-0.418904 -0.538857
-0.397526 -0.485085
-0.404432 -0.473198
-0.367356 -0.462562
-0.452094 -0.396677
-0.413811 -0.394426
-0.366369 -0.41621
-0.412505 -0.408721
-0.428434 -0.416332
-0.372051 -0.417438
-0.415656 -0.429887
-0.422925 -0.39191
-0.432243 -0.360955
-0.394369 -0.377143
-0.341813 -0.350104
-0.382001 -0.354661
-0.391509 -0.342721
-0.466219 -0.386693
-0.427471 -0.39445
-0.40541 -0.487608
-0.39993 -0.494161
-0.394202 -0.377292
-0.290919 -0.339955
-0.361252 -0.37706
-0.420018 -0.314086
-0.437686 -0.383871
-0.394504 -0.344965
-0.324032 -0.404725
-0.404505 -0.41884
-0.462143 -0.415305
-0.429093 -0.382588
-0.437233 -0.500443
-0.418539 -0.444623
-0.320687 -0.436988
-0.387498 -0.426616
-0.468912 -0.374785
-0.430027 -0.348774
-0.372225 -0.318428
-0.443295 -0.393366
-0.38654 -0.402458
-0.42208 -0.391931
-0.482437 -0.395869
-0.459284 -0.370008
-0.479411 -0.346442
-0.491668 -0.346539
-0.457517 -0.364027
-0.462601 -0.391844
-0.484285 -0.438744
-0.488531 -0.49622
-0.514496 -0.463025
-0.405863 -0.45103
-0.357398 -0.530545
-0.378261 -0.546626
-0.397179 -0.572902
-0.429556 -0.542725
-0.396999 -0.452101
-0.435175 -0.486851
-0.438267 -0.421091
-0.398598 -0.367449
-0.392796 -0.332533
-0.387251 -0.329541
-0.353757 -0.394887
-0.330147 -0.399974
-0.40812 -0.430264
-0.393731 -0.391415
-0.391027 -0.367437
-0.437234 -0.359594
-0.478423 -0.413769
-0.413766 -0.358521
-0.397071 -0.327335
-0.371428 -0.448384
-0.381251 -0.438434
-0.391562 -0.469791
-0.337573 -0.427776
-0.313145 -0.423403
-0.397262 -0.427843
-0.478613 -0.447265
-0.486608 -0.429338
-0.484738 -0.451658
-0.451864 -0.442249
-0.434219 -0.525777
-0.42738 -0.529295
-0.389547 -0.524755
-0.446114 -0.49144
-0.484988 -0.424807
-0.462402 -0.367251
-0.463434 -0.297456
-0.435929 -0.362932
-0.367722 -0.40873
-0.399307 -0.424714
-0.386135 -0.386072
-0.407795 -0.446959
-0.415697 -0.484187
-0.426749 -0.380478
-0.453631 -0.425865
-0.408925 -0.379172
-0.410184 -0.428542
-0.384949 -0.439176
-0.37673 -0.446704
-0.35842 -0.384897
-0.390587 -0.388253
-0.409949 -0.407329
-0.434658 -0.349062
-0.404761 -0.367574
-0.395041 -0.4449
-0.422137 -0.424464
-0.421291 -0.433269
-0.438896 -0.414835
-0.472873 -0.470326
-0.451985 -0.355069
-0.409444 -0.40759
-0.366452 -0.456188
-0.444771 -0.478505
-0.395174 -0.459848
-0.446231 -0.460503
-0.394293 -0.496582
-0.412683 -0.476396
-0.420155 -0.446649
-0.374045 -0.443813
-0.396444 -0.35275
-0.437806 -0.312995
-0.3476 -0.331501
-0.375193 -0.406519
-0.366917 -0.432791
-0.365729 -0.383138
-0.385252 -0.334079
-0.400781 -0.368775
-0.426111 -0.374274
-0.421956 -0.355007
-0.404348 -0.385863
-0.362308 -0.398477
-0.388841 -0.417364
-0.384653 -0.430405
-0.44202 -0.452697
-0.350838 -0.398013
-0.323877 -0.408354
-0.331329 -0.450406
-0.378473 -0.425666
-0.411541 -0.524496
-0.454783 -0.569792
-0.412184 -0.565306
-0.405128 -0.50952
-0.453602 -0.483832
-0.468404 -0.543063
-0.426568 -0.524139
-0.389456 -0.626292
-0.430897 -0.618629
-0.380597 -0.600603
-0.316399 -0.564382
-0.338646 -0.580056
-0.337104 -0.589309
-0.297179 -0.52322
-0.358486 -0.40515
-0.35481 -0.504436
-0.400422 -0.473366
-0.472389 -0.536119
-0.45907 -0.606466
-0.395224 -0.567817
-0.386958 -0.589009
-0.419754 -0.573817
-0.372726 -0.545879
-0.38154 -0.553055
-0.398425 -0.493051
-0.429777 -0.452741
-0.442098 -0.410243
-0.347542 -0.365595
-0.385849 -0.348794
-0.411243 -0.369806
-0.372802 -0.363774
-0.417315 -0.310375
-0.362699 -0.357402
-0.405272 -0.446205
-0.423337 -0.425599
-0.475648 -0.386302
-0.448319 -0.412719
-0.455256 -0.421586
-0.501063 -0.372061
-0.512521 -0.460788
-0.515843 -0.464415
-0.433064 -0.493637
-0.520747 -0.520982
-0.500081 -0.395362
-0.516978 -0.33695
-0.542665 -0.363764
-0.470563 -0.34518
-0.425203 -0.386545
-0.484643 -0.342438
-0.479208 -0.355273
-0.488039 -0.395699
-0.490151 -0.366572
-0.450944 -0.358198
-0.468632 -0.357785
-0.450665 -0.367159
-0.448395 -0.394693
-0.466939 -0.31389
-0.418698 -0.362944
-0.419652 -0.405481
-0.361721 -0.397492
-0.363991 -0.495813
-0.38464 -0.426323
-0.353714 -0.376558
-0.352017 -0.358126
-0.367996 -0.308975
-0.402912 -0.404655
-0.401388 -0.373605
-0.411662 -0.398272
-0.443449 -0.406672
-0.424384 -0.434484
-0.420035 -0.391178
-0.385463 -0.380949
-0.425184 -0.353389
-0.38233 -0.355131
-0.407875 -0.417115
-0.402617 -0.37153
-0.477874 -0.394275
-0.415576 -0.417552
-0.370436 -0.414094
-0.389352 -0.307426
-0.441362 -0.387926
-0.414113 -0.40598
-0.441068 -0.346249
-0.474197 -0.418974
