1 24 17 28 22 0 19 5 15 27 4 10 8 26 13 21 2 9 14 11 7 20 18 25 12 1 23 16 3 29 6
2 17 24 28 22 0 19 5 15 27 4 10 8 26 13 21 2 9 14 11 7 20 18 25 12 1 23 16 3 29 6
3 10 17 27 8 15 5 3 7 9 18 12 13 16 29 28 22 1 26 4 25 2 6 11 20 21 23 0 14 24 19
4 28 22 0 19 5 15 27 4 10 8 24 26 13 21 3 7 29 14 23 9 17 25 2 6 12 11 1 18 20 16
5 28 29 23 22 3 10 4 13 7 14 15 5 9 17 25 8 2 19 27 6 12 11 0 1 21 24 26 18 20 16
6 18 13 7 22 3 10 4 29 2 5 20 19 6 21 25 8 15 24 26 17 27 28 1 0 9 14 23 16 12 11
7 8 5 19 11 18 13 7 14 9 29 23 0 20 1 16 6 21 25 12 22 4 3 15 10 28 26 24 17 27 2
8 8 2 21 20 7 18 9 12 11 3 5 19 6 25 22 28 10 0 13 14 29 23 1 16 26 27 15 17 4 24
9 8 2 21 12 6 9 25 5 18 13 7 14 29 23 0 11 20 1 16 22 15 26 27 17 3 28 24 4 10 19
10 18 13 7 14 8 5 19 11 9 29 23 0 20 1 16 6 21 25 12 2 28 22 3 10 4 27 15 17 24 26
11 18 13 7 14 8 5 19 11 9 29 23 0 20 1 16 6 21 25 12 2 28 22 3 10 4 27 15 17 24 26
12 22 20 28 16 18 13 7 14 8 5 19 11 9 29 23 0 1 6 21 25 12 2 3 10 4 27 15 17 24 26
13 27 12 9 20 0 24 8 5 19 11 18 13 7 14 29 23 28 1 22 16 6 21 25 2 17 15 3 10 4 26
14 18 13 7 14 8 5 19 11 9 29 23 0 20 1 28 22 3 10 16 27 24 26 4 2 21 12 6 25 15 17
15 18 13 7 14 8 5 19 11 9 29 23 0 20 1 28 22 3 10 16 27 24 26 4 2 21 12 6 25 15 17
16 18 13 7 14 8 5 19 11 9 29 23 0 20 1 28 22 3 10 16 27 24 26 4 2 21 12 6 25 15 17
17 8 2 21 12 6 9 25 4 18 13 7 14 29 23 0 11 20 1 16 28 22 3 10 24 26 17 5 19 15 27
18 8 2 21 12 6 9 25 4 18 13 7 14 29 23 0 11 20 1 16 28 22 3 10 24 26 17 5 19 15 27
19 8 2 21 12 6 9 25 4 18 13 7 14 29 23 0 11 20 1 16 28 22 3 10 24 26 17 27 19 5 15
20 8 2 21 12 6 9 25 4 18 13 7 14 29 23 0 11 20 1 16 28 22 3 10 24 26 17 27 19 5 15
21 8 2 21 12 6 9 25 4 18 13 7 14 29 23 0 11 20 1 16 28 22 3 10 24 26 17 27 19 5 15
22 18 13 7 14 1 28 29 23 22 3 10 4 8 5 19 11 9 0 20 16 6 21 25 12 2 15 26 27 17 24
23 20 18 13 7 14 1 16 28 22 3 10 29 23 0 4 8 5 19 11 9 6 21 25 12 2 15 24 17 26 27
24 20 18 13 7 14 1 16 28 22 3 10 29 23 0 12 9 11 6 2 21 25 17 24 19 5 15 27 4 8 26
25 8 2 21 20 18 13 7 14 1 16 28 22 3 10 29 23 0 12 9 11 6 25 17 24 19 5 15 27 4 26
26 8 2 21 20 18 13 7 14 1 16 28 22 3 10 29 23 0 12 9 11 6 25 17 24 19 5 15 27 4 26
27 28 22 3 10 20 18 13 7 14 1 16 29 23 0 12 9 11 6 2 21 25 17 24 19 5 15 8 27 4 26
28 8 28 22 3 10 20 18 13 7 14 1 16 29 23 0 12 9 11 6 2 21 25 17 24 19 5 15 27 4 26
29 28 22 3 10 20 18 13 7 14 1 16 29 23 0 12 9 11 6 2 21 25 17 24 19 5 8 15 27 4 26
30 8 2 21 12 18 13 7 14 28 22 3 10 16 29 20 1 23 0 9 11 6 25 17 24 19 5 15 27 4 26
31 8 2 21 12 18 13 7 14 28 22 3 10 16 29 20 1 23 0 9 11 6 25 17 24 19 5 15 27 4 26
32 28 22 3 10 16 29 18 13 7 14 23 0 20 1 8 12 9 11 6 2 21 25 17 24 19 5 15 4 26 27
33 28 22 3 10 20 18 13 7 14 1 16 29 23 0 12 9 11 6 2 21 25 8 5 19 24 26 4 17 27 15
34 8 2 21 20 18 13 7 14 1 16 28 22 29 23 0 3 10 4 15 5 6 12 9 25 11 19 17 24 26 27
35 28 29 23 22 3 10 16 20 18 13 7 14 1 0 12 9 11 21 8 2 6 25 4 27 24 26 5 17 19 15
36 8 2 21 12 6 9 25 11 20 18 13 7 14 4 29 28 22 23 1 0 16 3 10 27 24 26 19 15 17 5
37 8 2 21 12 6 9 25 11 20 18 13 7 28 22 29 0 1 23 14 16 3 10 5 19 15 27 4 24 26 17
38 8 2 21 12 6 9 25 11 20 18 13 7 28 22 29 0 1 23 14 16 3 10 4 15 5 19 27 17 24 26
39 8 2 21 12 6 9 25 11 20 18 13 7 29 0 1 23 14 16 28 22 3 10 4 5 19 15 17 24 27 26
40 8 2 21 12 6 9 25 11 20 18 13 7 29 0 1 23 14 16 28 22 3 10 4 5 19 15 17 24 27 26
41 8 2 21 12 6 9 25 11 20 18 13 7 29 0 1 23 14 16 28 22 3 10 4 5 19 15 17 24 27 26
42 24 26 8 2 21 12 6 9 25 11 20 18 13 7 28 22 29 0 1 23 14 16 3 10 4 5 19 15 17 27
43 8 2 21 12 6 9 25 11 20 18 13 7 14 1 16 28 22 29 23 0 3 10 4 15 5 19 27 24 26 17
44 8 6 2 21 12 9 25 11 20 18 13 7 14 1 16 22 28 29 23 0 3 10 4 5 19 15 27 24 26 17
45 8 6 2 21 12 9 25 11 20 18 13 7 14 1 16 22 28 29 23 0 3 10 4 5 19 15 27 24 26 17
46 8 6 2 21 12 9 25 11 20 18 13 7 14 1 16 22 28 29 23 0 3 10 4 5 19 15 27 24 26 17
47 8 6 2 21 12 9 25 11 20 18 13 7 28 22 29 0 1 23 14 16 3 10 19 5 15 27 4 24 26 17
48 8 6 2 21 12 9 25 11 20 18 13 7 28 22 29 0 1 23 14 16 3 10 19 5 15 27 4 24 26 17
49 8 6 2 21 12 9 25 11 20 18 13 7 14 1 28 22 29 0 23 16 3 10 19 5 15 27 4 24 26 17
50 8 6 2 21 12 9 25 11 20 18 13 7 14 1 28 22 29 0 23 16 3 10 19 5 15 27 4 24 26 17
51 8 6 2 21 12 9 25 11 20 18 13 7 14 1 28 22 29 0 23 16 3 10 19 5 15 27 4 24 26 17
52 8 6 2 21 12 9 25 11 20 18 13 7 14 1 28 22 29 0 23 16 3 10 19 5 15 27 4 24 26 17
53 8 6 2 21 12 9 25 11 20 18 13 7 14 1 28 22 29 0 23 16 3 10 5 19 15 17 4 27 24 26
54 8 6 2 21 12 9 25 11 20 18 13 7 14 1 28 22 29 0 23 16 3 10 4 15 5 19 17 24 27 26
55 24 26 8 2 6 25 21 12 9 11 20 18 13 7 14 1 16 28 22 29 0 23 3 10 5 19 15 17 4 27
56 24 26 8 2 6 25 21 12 9 11 20 18 13 7 14 1 16 28 22 29 0 23 3 10 5 19 15 17 4 27
57 24 26 8 2 6 25 21 12 9 11 18 13 20 7 14 1 29 0 23 28 22 16 3 10 5 19 15 17 27 4
58 24 26 8 2 6 25 21 12 9 11 18 13 20 7 14 1 29 0 23 28 22 16 3 10 4 17 15 5 19 27
59 8 6 2 21 12 9 25 11 18 13 20 7 14 1 29 0 23 28 22 16 3 10 24 26 4 27 17 19 5 15
60 8 6 2 21 12 9 25 11 18 13 20 7 14 1 29 0 23 28 22 16 3 10 24 26 4 27 17 19 5 15
61 24 26 8 2 6 25 21 12 9 11 18 13 20 7 14 1 29 0 23 28 22 16 3 10 4 5 19 15 17 27
62 24 26 8 2 6 25 21 12 9 11 18 13 20 7 28 29 22 23 0 1 14 16 3 10 4 15 5 19 17 27
63 24 26 8 2 6 25 21 12 9 11 18 13 20 7 28 29 22 23 0 1 14 16 3 10 4 15 5 19 17 27
64 24 26 8 2 6 25 21 12 9 11 18 13 20 7 28 29 22 23 0 1 14 16 3 10 4 15 5 19 17 27
65 8 6 2 25 21 12 9 11 20 18 13 7 14 1 16 28 29 22 0 23 3 10 4 24 26 27 5 19 15 17
66 25 21 12 9 11 20 18 13 7 14 1 16 28 29 22 0 23 3 10 4 24 26 27 5 19 15 17 8 6 2
67 25 21 12 9 11 20 18 13 7 14 1 16 28 29 22 0 23 3 10 4 24 26 27 5 19 15 17 8 6 2
68 24 26 8 6 25 2 21 12 9 11 18 13 20 7 14 1 0 23 29 16 28 22 3 10 4 17 5 19 15 27
69 24 26 4 8 2 6 25 21 12 9 11 18 13 20 7 14 1 0 23 29 16 28 22 3 10 17 5 19 15 27
70 27 24 26 8 6 2 25 21 12 9 11 18 13 20 7 14 1 0 23 29 16 28 22 3 10 4 17 5 19 15
71 24 26 8 6 2 25 21 12 9 11 18 13 20 7 14 1 0 23 29 16 28 22 3 10 4 17 5 19 15 27
72 13 20 7 14 1 28 29 0 23 22 16 3 10 4 26 24 27 17 15 19 5 8 2 6 25 21 12 9 11 18
73 13 20 7 14 1 28 29 0 23 22 16 3 10 4 26 24 27 17 15 19 5 8 2 6 25 21 12 9 11 18
74 13 20 7 14 1 28 29 0 23 22 16 3 10 4 26 24 27 17 15 19 5 8 6 2 25 21 12 9 11 18
75 13 20 7 14 1 28 29 0 23 22 16 3 10 4 26 24 27 17 15 19 5 8 6 2 25 21 12 9 11 18
76 13 20 7 14 1 28 29 0 23 22 16 3 10 4 26 24 27 17 15 19 5 8 6 2 25 21 12 9 11 18
77 27 24 26 8 6 2 25 21 12 11 9 18 13 20 7 14 1 0 23 29 28 22 16 3 10 4 17 15 5 19
78 27 24 26 8 6 2 25 21 12 11 9 18 13 20 7 14 1 0 23 16 28 29 22 3 10 4 17 5 19 15
79 27 24 26 8 6 2 25 21 12 11 9 18 13 20 7 14 1 0 23 29 28 22 16 3 10 4 15 5 19 17
80 27 24 26 4 17 5 19 15 8 6 2 25 21 12 9 11 18 13 20 7 14 1 0 23 28 22 29 16 3 10
81 27 24 26 4 17 5 19 15 8 6 2 25 21 12 9 11 18 13 20 7 14 1 0 23 28 22 29 16 3 10
82 27 24 26 4 17 5 19 15 8 6 2 25 21 12 11 9 18 13 20 7 14 1 0 23 29 16 28 22 3 10
83 27 24 26 4 17 5 19 15 8 6 2 25 21 12 11 9 18 13 20 7 14 1 0 23 29 16 28 22 3 10
84 27 24 26 4 17 5 19 15 8 6 2 21 25 12 9 11 18 13 20 7 14 1 0 23 28 22 29 16 3 10
85 27 24 26 4 17 5 19 15 8 6 2 21 25 12 9 11 18 13 20 7 14 1 0 23 28 22 29 16 3 10
86 27 24 26 4 17 5 19 15 8 6 2 25 21 12 11 9 18 13 20 7 14 1 0 23 29 28 22 16 3 10
87 27 24 26 4 17 5 19 15 8 6 2 25 21 12 11 9 18 13 20 7 14 1 0 23 28 29 22 16 3 10
88 27 24 26 4 17 5 19 15 8 6 2 21 25 12 11 9 18 13 20 7 14 1 0 23 29 28 22 16 3 10
89 27 24 26 4 17 5 19 15 8 6 2 21 25 12 11 9 18 13 20 7 14 1 0 23 28 22 29 16 3 10
90 27 24 26 4 17 5 19 15 8 6 2 25 21 12 11 9 18 13 20 7 14 1 0 23 22 28 29 16 3 10
91 27 24 26 4 17 5 19 15 8 6 2 25 21 12 11 9 18 13 20 7 14 1 0 23 22 28 29 16 3 10
92 27 24 26 4 17 5 19 15 8 6 2 25 21 12 11 9 18 13 20 7 14 1 0 23 22 28 29 16 3 10
93 27 24 26 4 17 5 19 15 8 6 2 25 21 12 11 9 18 13 20 7 0 23 14 1 28 22 29 16 3 10
94 27 24 26 4 17 5 19 15 8 6 2 25 21 12 11 9 18 13 20 7 0 23 14 1 22 28 29 16 3 10
95 27 24 26 4 17 5 19 15 8 6 2 25 21 12 11 9 18 13 20 7 0 23 14 1 22 28 29 16 3 10
96 27 24 26 4 17 5 19 15 8 6 2 25 21 12 11 9 18 13 20 7 0 23 14 1 22 28 29 16 3 10
97 27 24 26 4 17 5 19 15 8 6 2 25 21 12 11 9 18 13 20 7 0 23 14 1 22 28 29 16 3 10
98 27 24 26 4 17 5 19 15 8 6 2 25 21 12 11 9 18 13 20 7 0 14 1 23 28 29 22 16 3 10
99 27 24 26 4 17 5 19 15 8 6 2 25 21 12 11 9 18 13 20 7 0 14 1 23 28 29 22 16 3 10
100 27 24 26 4 17 5 19 15 8 6 2 21 25 12 11 9 18 13 20 7 0 14 1 23 22 28 29 16 3 10
101 27 24 26 4 17 5 15 19 8 6 2 25 21 12 11 9 18 13 20 7 0 14 1 23 28 22 29 16 3 10
102 27 24 26 4 17 5 15 19 8 6 2 25 21 12 11 9 18 13 20 7 0 14 1 23 22 28 29 16 3 10
103 27 24 26 4 17 5 19 15 8 6 2 21 25 12 11 9 18 13 20 7 0 14 1 23 22 29 28 16 3 10
104 27 24 26 4 17 5 15 19 8 6 2 21 25 12 11 9 18 13 20 7 0 14 1 23 22 29 28 16 3 10
105 27 24 26 4 17 5 15 19 8 6 2 21 25 12 11 9 18 13 20 7 0 14 1 23 22 29 28 16 3 10
106 27 24 26 4 17 5 15 19 8 6 2 21 25 12 11 9 18 13 20 7 0 14 1 23 22 29 28 16 3 10
107 27 24 26 4 17 5 15 19 8 6 2 21 25 12 11 9 18 13 20 7 0 14 1 23 22 29 28 16 3 10
108 27 24 26 4 17 5 15 19 8 6 2 21 25 12 11 9 18 13 20 7 0 14 1 23 22 29 28 16 3 10
109 27 24 26 4 17 5 15 19 8 6 2 21 25 12 11 9 18 13 20 7 0 14 1 23 22 29 28 16 3 10
110 27 24 26 4 17 5 15 19 8 6 2 21 25 12 11 9 18 13 20 7 0 14 1 23 22 29 28 16 3 10
111 27 24 26 4 17 5 15 19 8 6 2 21 25 12 11 9 18 13 20 7 0 14 1 23 22 29 28 16 3 10
112 4 24 26 27 17 5 15 19 8 6 2 21 25 12 11 9 18 13 20 7 0 14 1 23 22 29 28 16 3 10
113 4 24 26 27 17 5 15 19 8 6 2 21 25 12 11 9 18 13 20 7 0 14 1 23 22 29 28 16 3 10
114 4 26 24 27 17 5 15 19 8 6 2 21 25 12 11 9 18 13 20 7 0 14 1 23 22 29 28 16 3 10
115 4 26 24 27 17 5 15 19 8 6 2 21 25 12 11 9 18 13 20 7 0 14 1 23 22 29 28 16 3 10
116 4 26 24 27 17 5 15 19 8 6 2 21 25 12 11 9 18 13 20 7 0 14 1 23 22 29 28 16 3 10
117 4 26 24 27 17 5 15 19 8 6 2 21 25 12 11 9 18 13 20 7 0 14 1 23 22 29 28 16 3 10
118 4 26 24 27 17 5 15 19 8 6 2 21 25 12 11 9 18 13 20 7 0 14 1 23 22 29 28 16 3 10
119 28 16 3 10 4 26 24 27 17 5 15 19 8 6 2 21 25 12 11 9 18 13 20 7 0 14 1 23 22 29
120 4 26 24 27 17 5 15 19 8 6 2 21 25 12 11 9 18 13 20 7 0 14 1 23 22 29 28 16 3 10
121 4 26 24 27 17 5 15 19 8 6 2 21 25 12 11 9 18 13 20 7 0 14 1 23 22 29 28 16 3 10
122 4 26 24 27 17 5 15 19 8 6 2 21 25 12 11 9 18 13 20 7 0 14 1 23 22 29 28 16 3 10
123 4 26 24 27 17 5 15 19 8 6 2 21 25 12 11 9 18 13 20 7 0 14 1 23 22 29 28 16 3 10
124 4 26 24 27 17 5 15 19 8 6 2 21 25 12 11 9 18 13 20 7 0 14 1 23 22 29 28 16 3 10
125 4 26 24 27 17 5 15 19 8 6 2 21 25 12 11 9 18 13 20 7 0 14 1 23 22 29 28 16 3 10
126 4 26 24 27 17 5 15 19 8 6 2 21 25 12 11 9 18 13 20 7 0 14 1 23 22 29 28 16 3 10
127 19 8 6 2 21 25 12 11 9 18 13 20 7 0 14 1 23 22 29 28 16 3 10 4 26 24 27 17 5 15
128 19 8 6 2 21 25 12 11 9 18 13 20 7 0 14 1 23 22 29 28 16 3 10 4 26 24 27 17 5 15
129 19 8 6 2 21 25 12 11 9 18 13 20 7 0 14 1 23 22 29 28 16 3 10 4 26 24 27 17 5 15
130 19 8 6 2 21 25 12 11 9 18 13 20 7 0 14 1 23 22 29 28 16 3 10 4 26 24 27 17 5 15
131 19 8 6 2 21 25 12 11 9 18 13 20 7 0 14 1 23 22 29 28 16 3 10 4 26 24 27 17 5 15
132 10 4 26 24 27 17 5 15 19 8 6 2 21 25 12 11 9 18 13 20 7 0 14 1 23 22 29 28 16 3
133 10 4 26 24 27 17 5 15 19 8 6 2 21 25 12 11 9 18 13 20 7 0 14 1 23 22 29 28 16 3
134 10 4 26 24 27 17 5 15 19 8 6 2 21 25 12 11 9 18 13 20 7 0 14 1 23 22 29 28 16 3
135 10 4 26 24 27 17 5 15 19 8 6 2 21 25 12 11 9 18 13 20 7 0 14 1 23 22 29 28 16 3
136 10 4 26 24 27 17 5 15 19 8 6 2 21 25 12 11 9 18 13 20 7 0 14 1 23 22 29 28 16 3
137 10 4 26 24 27 17 5 15 19 8 6 2 21 25 12 11 9 18 13 20 7 0 14 1 23 22 29 28 16 3
138 10 4 26 24 27 17 5 15 19 8 6 2 21 25 12 11 9 18 13 20 7 0 14 1 23 22 29 28 16 3
139 10 4 26 24 27 17 5 15 19 8 6 2 21 25 12 11 9 18 13 20 7 0 14 1 23 22 29 28 16 3
140 10 4 26 24 27 17 5 15 19 8 6 2 21 25 12 11 9 18 13 20 7 0 14 1 23 22 29 28 16 3
141 10 4 26 24 27 17 5 15 19 8 6 2 21 25 12 11 9 18 13 20 7 0 14 1 23 22 29 28 16 3
142 10 4 26 24 27 17 5 15 19 8 6 2 21 25 12 11 9 18 13 20 7 0 14 1 23 22 29 28 16 3
143 10 4 26 24 27 17 5 15 19 8 6 2 21 25 12 11 9 18 13 20 7 0 14 1 23 22 29 28 16 3
144 10 4 26 24 27 17 5 15 19 8 6 2 21 25 12 11 9 18 13 20 7 0 14 1 23 22 29 28 16 3
145 10 4 26 24 27 17 5 15 19 8 6 2 21 25 12 11 9 18 13 20 7 0 14 1 23 22 29 28 16 3
146 10 4 26 24 27 17 5 15 19 8 6 2 21 25 12 11 9 18 13 20 7 0 14 1 23 22 29 28 16 3
147 10 4 26 24 27 17 5 15 19 8 6 2 21 25 12 11 9 18 13 20 7 0 14 1 23 22 29 28 16 3
148 10 4 26 24 27 17 5 15 19 8 6 2 21 25 12 11 9 18 13 20 7 0 14 1 23 22 29 28 16 3
149 10 4 26 24 27 17 5 15 19 8 6 2 21 25 12 11 9 18 13 20 7 0 14 1 23 22 29 28 16 3
150 10 4 26 24 27 17 5 15 19 8 6 2 21 25 12 11 9 18 13 20 7 0 14 1 23 22 29 28 16 3
151 10 4 26 24 27 17 5 15 19 8 6 2 21 25 12 11 9 18 13 20 7 0 14 1 23 22 29 28 16 3
152 10 4 26 24 27 17 5 15 19 8 6 2 21 25 12 11 9 18 13 20 7 0 14 1 23 22 29 28 16 3
153 10 4 26 24 27 17 5 15 19 8 6 2 21 25 12 11 9 18 13 20 7 0 14 1 23 22 29 28 16 3
154 10 4 26 24 27 17 5 15 19 8 6 2 21 25 12 11 9 18 13 20 7 0 14 1 23 22 29 28 16 3
155 10 4 26 24 27 17 5 15 19 8 6 2 21 25 12 11 9 18 13 20 7 0 14 1 23 22 29 28 16 3
156 10 4 26 24 27 17 5 15 19 8 6 2 21 25 12 11 9 18 13 20 7 0 14 1 23 22 29 28 16 3
157 10 4 26 24 27 17 5 15 19 8 6 2 21 25 12 11 9 18 13 20 7 0 14 1 23 22 29 28 16 3
158 10 4 26 24 27 17 5 15 19 8 6 2 21 25 12 11 9 18 13 20 7 0 14 1 23 22 29 28 16 3
159 10 4 26 24 27 17 5 15 19 8 6 2 21 25 12 11 9 18 13 20 7 0 14 1 23 22 29 28 16 3
160 10 4 26 24 27 17 5 15 19 8 6 2 21 25 12 11 9 18 13 20 7 0 14 1 23 22 29 28 16 3
161 10 4 26 24 27 17 5 15 19 8 6 2 21 25 12 11 9 18 13 20 7 0 14 1 23 22 29 28 16 3
162 10 4 26 24 27 17 5 15 19 8 6 2 21 25 12 11 9 18 13 20 7 0 14 1 23 22 29 28 16 3
163 10 4 26 24 27 17 5 15 19 8 6 2 21 25 12 11 9 18 13 20 7 0 14 1 23 22 29 28 16 3
164 10 4 26 24 27 17 5 15 19 8 6 2 21 25 12 11 9 18 13 20 7 0 14 1 23 22 29 28 16 3
165 10 4 26 24 27 17 5 15 19 8 6 2 21 25 12 11 9 18 13 20 7 0 14 1 23 22 29 28 16 3
166 10 4 26 24 27 17 5 15 19 8 6 2 21 25 12 11 9 18 13 20 7 0 14 1 23 22 29 28 16 3
167 10 4 26 24 27 17 5 15 19 8 6 2 21 25 12 11 9 18 13 20 7 0 14 1 23 22 29 28 16 3
168 10 4 26 24 27 17 5 15 19 8 6 2 21 25 12 11 9 18 13 20 7 0 14 1 23 22 29 28 16 3
169 10 4 26 24 27 17 5 15 19 8 6 2 21 25 12 11 9 18 13 20 7 0 14 1 23 22 29 28 16 3
170 10 4 26 24 27 17 5 15 19 8 6 2 21 25 12 11 9 18 13 20 7 0 14 1 23 22 29 28 16 3
171 10 4 26 24 27 17 5 15 19 8 6 2 21 25 12 11 9 18 13 20 7 0 14 1 23 22 29 28 16 3
172 10 4 26 24 27 17 5 15 19 8 6 2 21 25 12 11 9 18 13 20 7 0 14 1 23 22 29 28 16 3
173 10 4 26 24 27 17 5 15 19 8 6 2 21 25 12 11 9 18 13 20 7 0 14 1 23 22 29 28 16 3
174 10 4 26 24 27 17 5 15 19 8 6 2 21 25 12 11 9 18 13 20 7 0 14 1 23 22 29 28 16 3
175 10 4 26 24 27 17 5 15 19 8 6 2 21 25 12 11 9 18 13 20 7 0 14 1 23 22 29 28 16 3
176 10 4 26 24 27 17 5 15 19 8 6 2 21 25 12 11 9 18 13 20 7 0 14 1 23 22 29 28 16 3
177 10 4 26 24 27 17 5 15 19 8 6 2 21 25 12 11 9 18 13 20 7 0 14 1 23 22 29 28 16 3
