3.7118e+01 5 19 12 6 24 25 11 1 23 26 29 20 10 18 3 15 2 4 14 21 7 8 9 22 16 17 27 0 28 13
3.3505e+01 6 1 15 4 2 20 27 19 17 29 28 11 10 14 7 22 18 3 9 5 26 0 12 23 8 25 24 13 21 16
3.6022e+01 4 16 14 5 24 0 23 22 2 17 9 3 21 10 28 13 20 27 29 7 11 1 15 25 26 12 8 6 18 19
2.9644e+01 28 11 20 16 6 21 29 19 22 2 7 3 26 1 18 8 25 13 0 24 12 5 17 10 9 27 14 4 15 23
3.0397e+01 3 15 0 14 13 27 8 22 25 10 6 17 5 12 28 29 20 23 7 9 2 11 16 4 1 18 26 21 19 24
3.1229e+01 8 21 26 18 7 17 9 4 20 24 11 3 10 14 0 13 19 22 2 29 16 1 27 15 23 25 6 28 5 12
3.4852e+01 17 4 23 26 7 25 6 27 11 22 5 3 18 1 15 8 28 29 0 16 12 13 21 9 19 20 24 10 2 14
3.2643e+01 28 8 19 5 0 21 11 3 29 12 6 14 23 2 25 22 9 17 16 18 26 13 24 1 7 4 10 27 20 15
3.2166e+01 6 22 25 8 10 20 4 18 14 1 9 23 21 13 2 19 15 28 29 26 17 7 0 27 12 3 11 16 5 24
2.9207e+01 5 2 24 0 23 1 3 12 20 15 18 26 4 29 21 10 17 22 27 28 6 7 9 25 16 13 8 11 19 14
3.3130e+01 17 5 7 0 25 13 14 3 18 26 28 9 1 27 19 11 21 24 2 29 23 15 12 6 20 10 22 16 8 4
3.2571e+01 14 4 11 22 18 3 13 28 5 10 26 27 19 8 7 29 12 25 24 20 16 9 15 23 6 1 21 0 17 2
3.3265e+01 24 20 17 14 5 9 22 27 25 3 7 1 13 15 10 11 4 26 21 0 29 12 23 16 19 8 28 18 6 2
3.0556e+01 20 17 9 27 4 3 0 5 13 10 23 6 18 1 19 26 16 22 28 2 7 14 11 21 25 15 24 8 12 29
2.8995e+01 25 22 20 11 12 5 7 10 15 3 6 29 14 24 2 9 0 21 27 13 17 23 8 26 19 16 28 4 1 18
3.3689e+01 4 28 21 1 11 24 2 18 22 14 16 27 7 20 12 17 3 9 0 26 10 25 19 8 5 29 23 6 13 15
3.1663e+01 1 24 7 9 29 17 18 13 23 20 22 15 21 19 6 28 16 3 12 11 4 2 14 25 5 27 26 10 0 8
3.5141e+01 12 22 2 3 26 9 24 6 21 13 4 1 27 5 10 20 23 11 16 25 28 19 7 15 17 0 29 14 18 8
2.8598e+01 29 1 22 19 21 18 28 7 4 16 13 25 0 2 17 27 26 3 24 12 14 15 10 11 8 23 9 20 6 5
3.5411e+01 4 16 19 21 27 5 17 1 28 6 12 7 15 18 24 0 20 23 22 10 14 11 2 9 3 25 26 8 29 13
2.8726e+01 27 25 8 17 13 12 7 19 22 21 2 26 28 14 20 5 10 4 18 3 29 0 6 9 16 1 23 24 15 11
3.0282e+01 14 6 24 28 11 5 7 16 1 26 3 22 25 9 0 27 4 17 10 18 29 8 2 19 21 20 15 13 12 23
2.9652e+01 2 28 26 12 23 13 0 20 15 1 27 3 11 22 19 29 21 25 4 14 10 24 6 16 5 18 17 7 9 8
2.7923e+01 1 5 26 28 4 27 10 8 20 3 6 7 21 24 11 2 13 25 0 19 29 18 9 15 22 23 17 12 16 14
2.9439e+01 18 17 21 29 13 23 27 24 1 20 12 22 4 15 9 14 10 5 25 19 6 0 11 26 3 28 7 8 2 16
2.9485e+01 20 28 19 0 24 11 26 5 16 1 18 21 2 22 29 25 7 23 15 4 27 8 3 6 13 10 12 14 9 17
3.4357e+01 29 8 5 25 14 24 7 6 12 0 18 20 19 9 22 17 13 15 16 21 4 28 2 1 11 23 3 27 10 26
2.8450e+01 9 12 10 26 16 7 6 19 11 29 17 0 8 25 4 21 13 23 27 14 28 24 5 20 1 22 15 2 18 3
2.9325e+01 26 20 22 6 10 3 8 19 9 12 23 7 29 13 16 4 25 0 15 28 24 2 27 17 11 14 21 18 1 5
3.0811e+01 2 4 8 12 26 3 9 23 5 20 10 18 1 27 14 13 6 19 24 28 7 0 16 22 15 29 21 11 17 25
2.7869e+01 15 0 16 2 12 22 17 24 10 14 9 25 7 8 29 20 5 27 26 18 6 13 23 4 11 3 19 1 21 28
2.6997e+01 8 6 22 21 20 14 3 18 9 7 10 13 16 11 27 15 28 1 0 5 24 26 2 23 4 12 25 17 19 29
2.7196e+01 7 4 15 5 2 16 3 19 14 24 12 29 10 9 8 11 0 22 25 20 1 26 23 17 6 21 13 27 28 18
2.8108e+01 7 13 20 1 29 6 9 14 3 26 19 0 17 22 28 10 27 8 21 16 18 11 2 12 4 23 15 5 25 24
3.0175e+01 21 5 27 29 20 0 24 18 13 7 25 1 8 23 10 28 26 3 15 17 11 14 19 16 4 6 9 12 22 2
2.7270e+01 12 13 18 26 29 1 11 7 6 25 21 10 0 14 22 19 9 17 20 16 15 8 3 4 28 24 27 23 5 2
2.9620e+01 6 17 14 22 1 5 13 4 24 27 11 0 20 25 3 8 15 16 18 29 10 19 23 21 2 26 28 12 7 9
2.3076e+01 21 9 17 23 24 20 19 25 8 10 7 26 28 11 14 0 13 22 1 15 16 12 2 27 5 18 4 6 3 29
2.9496e+01 23 3 7 27 24 17 11 22 9 0 20 26 18 1 29 21 19 10 16 5 4 14 13 12 28 25 15 2 6 8
2.2346e+01 2 23 16 27 9 10 13 6 29 22 1 8 7 11 21 19 15 26 28 12 5 4 18 3 0 25 17 14 24 20
2.5431e+01 18 6 19 0 15 17 8 25 13 10 7 12 20 26 4 2 29 3 22 1 16 27 23 21 28 5 24 9 14 11
2.1621e+01 7 25 11 28 6 3 21 16 24 29 22 20 18 26 19 1 5 10 9 23 27 17 0 14 13 15 12 4 2 8
2.2486e+01 21 13 17 3 6 20 1 22 24 16 12 26 5 27 9 7 4 18 28 2 25 15 23 8 0 14 11 19 10 29
1.9713e+01 20 0 10 23 2 21 16 11 15 8 28 26 18 12 4 5 27 24 14 17 7 25 9 13 3 19 6 29 22 1
1.9092e+01 21 3 14 11 6 22 16 29 23 7 10 27 13 5 1 20 18 28 4 24 12 26 15 2 25 9 8 17 0 19
1.5941e+01 9 2 12 5 7 8 23 25 10 27 4 24 26 28 18 15 13 16 29 6 14 0 1 20 3 19 22 21 11 17
1.7517e+01 19 8 10 14 0 17 9 23 27 12 18 16 13 28 26 4 24 2 7 25 11 21 6 29 22 20 1 15 5 3
1.9116e+01 22 3 11 9 27 28 26 18 29 19 21 6 0 14 17 10 12 24 4 5 15 13 16 7 23 25 8 1 20 2
1.5699e+01 19 22 3 11 14 24 18 20 28 26 4 2 16 12 15 13 7 25 8 5 27 23 10 9 0 17 1 21 29 6
1.9382e+01 6 3 16 0 14 7 27 11 25 5 4 1 20 24 26 28 18 10 15 12 2 13 8 23 9 17 21 19 22 29
1.4590e+01 6 3 21 0 25 9 23 8 5 27 4 26 18 28 24 12 2 7 10 13 15 1 20 16 11 17 14 19 29 22
1.4290e+01 3 1 20 15 12 27 5 13 10 7 23 9 25 8 16 2 24 4 28 26 18 6 21 14 17 0 11 19 29 22
1.2004e+01 21 1 20 8 23 10 27 24 28 26 18 4 16 15 2 13 12 5 9 7 25 14 11 0 17 19 3 29 6 22
1.2201e+01 6 29 19 14 11 17 0 27 10 23 9 25 7 2 16 24 4 26 28 18 5 12 8 15 13 20 21 1 3 22
1.3175e+01 6 22 21 20 18 28 26 4 24 12 2 15 7 23 27 13 1 16 5 8 25 9 10 17 14 11 0 19 3 29
1.0876e+01 29 3 22 21 20 1 16 13 8 23 10 27 12 5 24 26 28 18 4 15 2 7 9 25 17 0 11 14 19 6
1.3673e+01 21 3 20 1 13 15 26 28 18 2 8 17 14 11 0 25 10 23 7 9 27 5 24 12 4 16 19 6 29 22
1.1690e+01 1 21 22 6 29 3 19 14 0 17 11 13 8 7 23 10 27 9 25 5 12 4 24 18 28 26 16 2 15 20
9.8305e+00 1 21 22 3 6 29 19 11 0 17 14 9 7 25 8 23 10 27 5 12 24 4 26 28 18 16 15 2 13 20
9.8958e+00 1 3 21 29 6 22 19 11 0 17 14 8 25 9 7 23 10 27 5 12 24 4 26 28 18 16 2 15 13 20
9.5662e+00 13 15 2 16 18 28 26 4 24 12 5 27 10 23 8 7 25 9 17 0 14 11 19 22 3 29 6 21 20 1
9.7980e+00 1 21 22 3 6 29 19 14 11 0 17 25 9 23 27 10 7 8 5 12 24 4 26 28 18 16 13 15 2 20
9.2388e+00 1 21 6 29 3 22 19 14 11 0 17 25 9 10 23 7 8 27 5 12 24 4 26 28 18 16 15 2 13 20
9.1104e+00 1 21 22 3 29 6 19 11 14 0 17 25 9 8 7 23 10 27 5 12 24 4 26 28 18 16 2 15 13 20
9.1151e+00 13 15 2 16 18 28 26 4 24 12 5 27 10 23 8 7 9 25 0 17 11 14 19 22 3 6 29 21 1 20
9.0726e+00 13 2 15 16 18 28 26 4 24 12 5 27 10 23 7 8 9 25 17 0 11 14 19 22 3 6 29 21 1 20
9.1120e+00 13 15 2 16 18 28 26 4 24 12 5 27 10 23 7 8 9 25 17 0 11 14 19 22 6 29 3 21 1 20
9.0850e+00 13 2 15 16 18 28 26 4 24 12 5 27 10 23 9 7 8 25 17 0 11 14 19 29 6 3 22 21 1 20
9.0850e+00 1 21 22 3 6 29 19 14 11 0 17 25 8 7 9 23 10 27 5 12 24 4 26 28 18 16 15 2 13 20
9.1907e+00 13 15 2 16 18 28 26 4 24 12 5 27 10 23 8 7 9 25 0 17 14 11 19 22 3 29 6 21 1 20
9.0013e+00 13 15 2 16 18 28 26 4 24 12 5 27 10 23 8 7 9 25 17 0 11 14 19 6 29 3 22 21 1 20
9.0685e+00 1 21 22 3 6 29 19 14 11 17 0 25 9 7 8 23 10 27 5 12 24 4 26 28 18 16 15 2 13 20
8.9848e+00 1 21 22 3 29 6 19 14 11 0 17 25 9 7 8 23 10 27 5 12 24 4 26 28 18 16 15 2 13 20
8.9960e+00 1 21 22 3 6 29 19 14 11 0 17 25 9 7 8 23 10 27 5 12 24 4 26 28 18 16 15 2 13 20
8.9960e+00 13 2 15 16 18 28 26 4 24 12 5 27 10 23 8 7 9 25 17 0 11 14 19 29 6 3 22 21 1 20
8.9848e+00 13 2 15 16 18 28 26 4 24 12 5 27 10 23 8 7 9 25 17 0 11 14 19 6 29 3 22 21 1 20
9.0125e+00 13 15 2 16 18 28 26 4 24 12 5 27 10 23 8 7 9 25 17 0 11 14 19 29 6 3 22 21 1 20
8.9960e+00 13 2 15 16 18 28 26 4 24 12 5 27 10 23 8 7 9 25 17 0 11 14 19 29 6 3 22 21 1 20
9.0013e+00 1 21 22 3 29 6 19 14 11 0 17 25 9 7 8 23 10 27 5 12 24 4 26 28 18 16 2 15 13 20
8.9960e+00 1 21 22 3 6 29 19 14 11 0 17 25 9 7 8 23 10 27 5 12 24 4 26 28 18 16 15 2 13 20
8.9848e+00 13 2 15 16 18 28 26 4 24 12 5 27 10 23 8 7 9 25 17 0 11 14 19 6 29 3 22 21 1 20
8.9848e+00 1 21 22 3 29 6 19 14 11 0 17 25 9 7 8 23 10 27 5 12 24 4 26 28 18 16 15 2 13 20
8.9848e+00 1 21 22 3 29 6 19 14 11 0 17 25 9 7 8 23 10 27 5 12 24 4 26 28 18 16 15 2 13 20
8.9960e+00 1 21 22 3 6 29 19 14 11 0 17 25 9 7 8 23 10 27 5 12 24 4 26 28 18 16 15 2 13 20
8.9848e+00 1 21 22 3 29 6 19 14 11 0 17 25 9 7 8 23 10 27 5 12 24 4 26 28 18 16 15 2 13 20
8.9848e+00 1 21 22 3 29 6 19 14 11 0 17 25 9 7 8 23 10 27 5 12 24 4 26 28 18 16 15 2 13 20
8.9960e+00 1 21 22 3 6 29 19 14 11 0 17 25 9 7 8 23 10 27 5 12 24 4 26 28 18 16 15 2 13 20
8.9848e+00 13 2 15 16 18 28 26 4 24 12 5 27 10 23 8 7 9 25 17 0 11 14 19 6 29 3 22 21 1 20
8.9848e+00 13 2 15 16 18 28 26 4 24 12 5 27 10 23 8 7 9 25 17 0 11 14 19 6 29 3 22 21 1 20
8.9848e+00 13 2 15 16 18 28 26 4 24 12 5 27 10 23 8 7 9 25 17 0 11 14 19 6 29 3 22 21 1 20
8.9848e+00 13 2 15 16 18 28 26 4 24 12 5 27 10 23 8 7 9 25 17 0 11 14 19 6 29 3 22 21 1 20
8.9848e+00 13 2 15 16 18 28 26 4 24 12 5 27 10 23 8 7 9 25 17 0 11 14 19 6 29 3 22 21 1 20
8.9848e+00 13 2 15 16 18 28 26 4 24 12 5 27 10 23 8 7 9 25 17 0 11 14 19 6 29 3 22 21 1 20
8.9848e+00 1 21 22 3 29 6 19 14 11 0 17 25 9 7 8 23 10 27 5 12 24 4 26 28 18 16 15 2 13 20
8.9848e+00 13 2 15 16 18 28 26 4 24 12 5 27 10 23 8 7 9 25 17 0 11 14 19 6 29 3 22 21 1 20
8.9848e+00 1 21 22 3 29 6 19 14 11 0 17 25 9 7 8 23 10 27 5 12 24 4 26 28 18 16 15 2 13 20
8.9848e+00 1 21 22 3 29 6 19 14 11 0 17 25 9 7 8 23 10 27 5 12 24 4 26 28 18 16 15 2 13 20
8.9848e+00 1 21 22 3 29 6 19 14 11 0 17 25 9 7 8 23 10 27 5 12 24 4 26 28 18 16 15 2 13 20
8.9848e+00 13 2 15 16 18 28 26 4 24 12 5 27 10 23 8 7 9 25 17 0 11 14 19 6 29 3 22 21 1 20
8.9848e+00 13 2 15 16 18 28 26 4 24 12 5 27 10 23 8 7 9 25 17 0 11 14 19 6 29 3 22 21 1 20
8.9848e+00 1 21 22 3 29 6 19 14 11 0 17 25 9 7 8 23 10 27 5 12 24 4 26 28 18 16 15 2 13 20
8.9848e+00 1 21 22 3 29 6 19 14 11 0 17 25 9 7 8 23 10 27 5 12 24 4 26 28 18 16 15 2 13 20
8.9848e+00 1 21 22 3 29 6 19 14 11 0 17 25 9 7 8 23 10 27 5 12 24 4 26 28 18 16 15 2 13 20
8.9848e+00 1 21 22 3 29 6 19 14 11 0 17 25 9 7 8 23 10 27 5 12 24 4 26 28 18 16 15 2 13 20
8.9848e+00 13 2 15 16 18 28 26 4 24 12 5 27 10 23 8 7 9 25 17 0 11 14 19 6 29 3 22 21 1 20
8.9848e+00 13 2 15 16 18 28 26 4 24 12 5 27 10 23 8 7 9 25 17 0 11 14 19 6 29 3 22 21 1 20
8.9848e+00 13 2 15 16 18 28 26 4 24 12 5 27 10 23 8 7 9 25 17 0 11 14 19 6 29 3 22 21 1 20
8.9848e+00 1 21 22 3 29 6 19 14 11 0 17 25 9 7 8 23 10 27 5 12 24 4 26 28 18 16 15 2 13 20
8.9848e+00 13 2 15 16 18 28 26 4 24 12 5 27 10 23 8 7 9 25 17 0 11 14 19 6 29 3 22 21 1 20
8.9848e+00 13 2 15 16 18 28 26 4 24 12 5 27 10 23 8 7 9 25 17 0 11 14 19 6 29 3 22 21 1 20
8.9848e+00 13 2 15 16 18 28 26 4 24 12 5 27 10 23 8 7 9 25 17 0 11 14 19 6 29 3 22 21 1 20
8.9848e+00 1 21 22 3 29 6 19 14 11 0 17 25 9 7 8 23 10 27 5 12 24 4 26 28 18 16 15 2 13 20
8.9848e+00 13 2 15 16 18 28 26 4 24 12 5 27 10 23 8 7 9 25 17 0 11 14 19 6 29 3 22 21 1 20
8.9848e+00 1 21 22 3 29 6 19 14 11 0 17 25 9 7 8 23 10 27 5 12 24 4 26 28 18 16 15 2 13 20
8.9848e+00 1 21 22 3 29 6 19 14 11 0 17 25 9 7 8 23 10 27 5 12 24 4 26 28 18 16 15 2 13 20
8.9848e+00 1 21 22 3 29 6 19 14 11 0 17 25 9 7 8 23 10 27 5 12 24 4 26 28 18 16 15 2 13 20
8.9848e+00 1 21 22 3 29 6 19 14 11 0 17 25 9 7 8 23 10 27 5 12 24 4 26 28 18 16 15 2 13 20
8.9848e+00 1 21 22 3 29 6 19 14 11 0 17 25 9 7 8 23 10 27 5 12 24 4 26 28 18 16 15 2 13 20
8.9848e+00 1 21 22 3 29 6 19 14 11 0 17 25 9 7 8 23 10 27 5 12 24 4 26 28 18 16 15 2 13 20
8.9848e+00 1 21 22 3 29 6 19 14 11 0 17 25 9 7 8 23 10 27 5 12 24 4 26 28 18 16 15 2 13 20
8.9848e+00 1 21 22 3 29 6 19 14 11 0 17 25 9 7 8 23 10 27 5 12 24 4 26 28 18 16 15 2 13 20
8.9848e+00 1 21 22 3 29 6 19 14 11 0 17 25 9 7 8 23 10 27 5 12 24 4 26 28 18 16 15 2 13 20
8.9848e+00 13 2 15 16 18 28 26 4 24 12 5 27 10 23 8 7 9 25 17 0 11 14 19 6 29 3 22 21 1 20
8.9848e+00 13 2 15 16 18 28 26 4 24 12 5 27 10 23 8 7 9 25 17 0 11 14 19 6 29 3 22 21 1 20
8.9848e+00 13 2 15 16 18 28 26 4 24 12 5 27 10 23 8 7 9 25 17 0 11 14 19 6 29 3 22 21 1 20
8.9848e+00 13 2 15 16 18 28 26 4 24 12 5 27 10 23 8 7 9 25 17 0 11 14 19 6 29 3 22 21 1 20
8.9848e+00 1 21 22 3 29 6 19 14 11 0 17 25 9 7 8 23 10 27 5 12 24 4 26 28 18 16 15 2 13 20
8.9848e+00 1 21 22 3 29 6 19 14 11 0 17 25 9 7 8 23 10 27 5 12 24 4 26 28 18 16 15 2 13 20
8.9848e+00 1 21 22 3 29 6 19 14 11 0 17 25 9 7 8 23 10 27 5 12 24 4 26 28 18 16 15 2 13 20
8.9848e+00 1 21 22 3 29 6 19 14 11 0 17 25 9 7 8 23 10 27 5 12 24 4 26 28 18 16 15 2 13 20
8.9848e+00 1 21 22 3 29 6 19 14 11 0 17 25 9 7 8 23 10 27 5 12 24 4 26 28 18 16 15 2 13 20
8.9848e+00 1 21 22 3 29 6 19 14 11 0 17 25 9 7 8 23 10 27 5 12 24 4 26 28 18 16 15 2 13 20
