uniform_avg uniform_std normal_avg normal_std
      1.5803e+00      0.0000e+00      1.5683e+00      0.0000e+00
      1.4806e+00      9.9752e-02      1.4470e+00      1.2132e-01
      1.4849e+00      5.7751e-02      1.5351e+00      1.1261e-01
      1.5303e+00      6.1120e-02      1.5200e+00      8.1062e-02
      1.5219e+00      4.8095e-02      1.5314e+00      6.3818e-02
      1.5364e+00      4.1860e-02      1.5329e+00      5.2130e-02
      1.5591e+00      4.2034e-02      1.5098e+00      4.9769e-02
      1.5499e+00      3.7546e-02      1.5295e+00      4.7413e-02
      1.5465e+00      3.3281e-02      1.5301e+00      4.1818e-02
      1.5422e+00      3.0084e-02      1.5244e+00      3.7839e-02
      1.5327e+00      2.8827e-02      1.5333e+00      3.5385e-02
      1.5270e+00      2.6925e-02      1.5284e+00      3.2675e-02
      1.5253e+00      2.4825e-02      1.5216e+00      3.0818e-02
      1.5231e+00      2.3085e-02      1.5326e+00      3.0582e-02
      1.5263e+00      2.1731e-02      1.5349e+00      2.8559e-02
      1.5225e+00      2.0694e-02      1.5498e+00      3.0589e-02
      1.5120e+00      2.2052e-02      1.5580e+00      2.9902e-02
      1.5112e+00      2.0809e-02      1.5427e+00      3.2102e-02
      1.5071e+00      2.0101e-02      1.5427e+00      3.0365e-02
      1.5140e+00      2.0267e-02      1.5380e+00      2.9196e-02
      1.5093e+00      1.9833e-02      1.5301e+00      2.8880e-02
      1.5090e+00      1.8911e-02      1.5348e+00      2.7937e-02
      1.5029e+00      1.9099e-02      1.5299e+00      2.7133e-02
      1.5071e+00      1.8783e-02      1.5182e+00      2.8489e-02
      1.5042e+00      1.8254e-02      1.5108e+00      2.8309e-02
      1.5022e+00      1.7656e-02      1.5047e+00      2.7889e-02
      1.4990e+00      1.7281e-02      1.5067e+00      2.6910e-02
      1.5007e+00      1.6737e-02      1.5029e+00      2.6201e-02
      1.5012e+00      1.6158e-02      1.5045e+00      2.5329e-02
      1.4992e+00      1.5736e-02      1.5148e+00      2.6566e-02
      1.4958e+00      1.5598e-02      1.5141e+00      2.5705e-02
      1.4959e+00      1.5103e-02      1.5108e+00      2.5102e-02
      1.4961e+00      1.4640e-02      1.5103e+00      2.4334e-02
      1.4901e+00      1.5416e-02      1.5062e+00      2.3964e-02
      1.4914e+00      1.5030e-02      1.5027e+00      2.3531e-02
      1.4983e+00      1.6145e-02      1.4975e+00      2.3442e-02
      1.4977e+00      1.5715e-02      1.4937e+00      2.3125e-02
      1.4980e+00      1.5300e-02      1.4938e+00      2.2509e-02
      1.4970e+00      1.4941e-02      1.4902e+00      2.2205e-02
      1.5002e+00      1.4928e-02      1.4903e+00      2.1643e-02
      1.5011e+00      1.4584e-02      1.4937e+00      2.1380e-02
      1.4982e+00      1.4512e-02      1.4891e+00      2.1378e-02
      1.4996e+00      1.4232e-02      1.4893e+00      2.0876e-02
      1.4977e+00      1.4028e-02      1.4916e+00      2.0527e-02
      1.4972e+00      1.3721e-02      1.4933e+00      2.0137e-02
      1.4921e+00      1.4356e-02      1.4944e+00      1.9722e-02
      1.4936e+00      1.4127e-02      1.4988e+00      1.9807e-02
      1.4952e+00      1.3918e-02      1.4987e+00      1.9390e-02
      1.4968e+00      1.3724e-02      1.5016e+00      1.9206e-02
      1.5000e+00      1.3816e-02      1.5003e+00      1.8860e-02
      1.5011e+00      1.3594e-02      1.4984e+00      1.8585e-02
      1.4986e+00      1.3564e-02      1.4997e+00      1.8273e-02
      1.4972e+00      1.3381e-02      1.4989e+00      1.7947e-02
      1.4959e+00      1.3199e-02      1.4992e+00      1.7614e-02
      1.4951e+00      1.2979e-02      1.5005e+00      1.7341e-02
      1.4974e+00      1.2943e-02      1.4996e+00      1.7056e-02
      1.5000e+00      1.2985e-02      1.5033e+00      1.7175e-02
      1.4990e+00      1.2801e-02      1.5006e+00      1.7091e-02
      1.5060e+00      1.4402e-02      1.5003e+00      1.6803e-02
      1.5074e+00      1.4234e-02      1.4970e+00      1.6851e-02
      1.5074e+00      1.3999e-02      1.4965e+00      1.6578e-02
      1.5085e+00      1.3820e-02      1.4945e+00      1.6439e-02
      1.5087e+00      1.3599e-02      1.4954e+00      1.6206e-02
      1.5051e+00      1.3837e-02      1.4922e+00      1.6277e-02
      1.5075e+00      1.3824e-02      1.4947e+00      1.6216e-02
      1.5076e+00      1.3614e-02      1.4935e+00      1.6013e-02
      1.5084e+00      1.3430e-02      1.4947e+00      1.5816e-02
      1.5066e+00      1.3348e-02      1.4957e+00      1.5619e-02
      1.5100e+00      1.3584e-02      1.4973e+00      1.5468e-02
      1.5099e+00      1.3389e-02      1.4953e+00      1.5371e-02
      1.5080e+00      1.3339e-02      1.4942e+00      1.5193e-02
      1.5101e+00      1.3326e-02      1.4974e+00      1.5308e-02
      1.5078e+00      1.3339e-02      1.4984e+00      1.5131e-02
      1.5065e+00      1.3221e-02      1.4969e+00      1.4998e-02
      1.5071e+00      1.3055e-02      1.4969e+00      1.4797e-02
      1.5105e+00      1.3339e-02      1.4964e+00      1.4609e-02
      1.5115e+00      1.3198e-02      1.4985e+00      1.4565e-02
      1.5122e+00      1.3046e-02      1.4989e+00      1.4382e-02
      1.5107e+00      1.2966e-02      1.4985e+00      1.4204e-02
      1.5106e+00      1.2803e-02      1.5010e+00      1.4250e-02
      1.5114e+00      1.2668e-02      1.5016e+00      1.4084e-02
      1.5099e+00      1.2601e-02      1.5032e+00      1.4001e-02
      1.5088e+00      1.2500e-02      1.5041e+00      1.3862e-02
      1.5092e+00      1.2356e-02      1.5031e+00      1.3732e-02
      1.5091e+00      1.2210e-02      1.5010e+00      1.3735e-02
      1.5070e+00      1.2259e-02      1.5019e+00      1.3608e-02
      1.5071e+00      1.2118e-02      1.5011e+00      1.3475e-02
      1.5059e+00      1.2041e-02      1.5019e+00      1.3344e-02
      1.5062e+00      1.1909e-02      1.5060e+00      1.3811e-02
      1.5062e+00      1.1776e-02      1.5040e+00      1.3798e-02
      1.5074e+00      1.1706e-02      1.5035e+00      1.3657e-02
      1.5055e+00      1.1737e-02      1.5040e+00      1.3521e-02
      1.5046e+00      1.1641e-02      1.5043e+00      1.3377e-02
      1.5053e+00      1.1539e-02      1.5053e+00      1.3273e-02
      1.5062e+00      1.1452e-02      1.5063e+00      1.3174e-02
      1.5055e+00      1.1354e-02      1.5053e+00      1.3082e-02
      1.5072e+00      1.1364e-02      1.5045e+00      1.2970e-02
      1.5058e+00      1.1335e-02      1.5038e+00      1.2853e-02
      1.5051e+00      1.1244e-02      1.5033e+00      1.2735e-02
      1.5039e+00      1.1194e-02      1.5030e+00      1.2610e-02

