uniform_avg uniform_std normal_avg normal_std
      7.6009e+01      0.0000e+00      7.5820e+01      0.0000e+00
      4.0608e+01      3.5401e+01      4.0368e+01      3.5452e+01
      2.8844e+01      2.3583e+01      2.8491e+01      2.3665e+01
      2.2834e+01      1.7725e+01      2.2675e+01      1.7715e+01
      1.9349e+01      1.4165e+01      1.9068e+01      1.4188e+01
      1.6984e+01      1.1805e+01      1.6670e+01      1.1830e+01
      1.5337e+01      1.0112e+01      1.5029e+01      1.0132e+01
      1.4073e+01      8.8484e+00      1.3772e+01      8.8643e+00
      1.3077e+01      7.8668e+00      1.2793e+01      7.8787e+00
      1.2222e+01      7.0880e+00      1.2014e+01      7.0899e+00
      1.1550e+01      6.4465e+00      1.1409e+01      6.4414e+00
      1.0991e+01      5.9113e+00      1.0898e+01      5.9024e+00
      1.0548e+01      5.4556e+00      1.0424e+01      5.4500e+00
      1.0163e+01      5.0655e+00      1.0071e+01      5.0581e+00
      9.8382e+00      4.7270e+00      9.7683e+00      4.7186e+00
      9.5525e+00      4.4309e+00      9.4643e+00      4.4243e+00
      9.3046e+00      4.1695e+00      9.2058e+00      4.1639e+00
      9.0587e+00      3.9387e+00      8.9657e+00      3.9331e+00
      8.8327e+00      3.7325e+00      8.7847e+00      3.7247e+00
      8.6485e+00      3.5457e+00      8.5779e+00      3.5396e+00
      8.4740e+00      3.3772e+00      8.4070e+00      3.3712e+00
      8.3228e+00      3.2236e+00      8.2365e+00      3.2188e+00
      8.1694e+00      3.0840e+00      8.0963e+00      3.0789e+00
      8.0775e+00      2.9542e+00      7.9626e+00      2.9509e+00
      7.9685e+00      2.8356e+00      7.8521e+00      2.8325e+00
      7.8736e+00      2.7260e+00      7.7359e+00      2.7239e+00
      7.7500e+00      2.6260e+00      7.6264e+00      2.6233e+00
      7.6597e+00      2.5321e+00      7.5303e+00      2.5297e+00
      7.5518e+00      2.4456e+00      7.4344e+00      2.4428e+00
      7.4576e+00      2.3646e+00      7.3685e+00      2.3609e+00
      7.3732e+00      2.2886e+00      7.2935e+00      2.2847e+00
      7.2907e+00      2.2175e+00      7.2361e+00      2.2129e+00
      7.2202e+00      2.1504e+00      7.1850e+00      2.1454e+00
      7.1623e+00      2.0870e+00      7.1072e+00      2.0828e+00
      7.0934e+00      2.0276e+00      7.0564e+00      2.0231e+00
      7.0305e+00      1.9715e+00      7.0089e+00      1.9666e+00
      6.9752e+00      1.9183e+00      6.9571e+00      1.9135e+00
      6.9428e+00      1.8674e+00      6.8984e+00      1.8633e+00
      6.9043e+00      1.8193e+00      6.8524e+00      1.8155e+00
      6.8595e+00      1.7738e+00      6.8022e+00      1.7703e+00
      6.8241e+00      1.7304e+00      6.7664e+00      1.7269e+00
      6.7677e+00      1.6896e+00      6.7301e+00      1.6857e+00
      6.7323e+00      1.6502e+00      6.6971e+00      1.6464e+00
      6.6923e+00      1.6128e+00      6.6547e+00      1.6091e+00
      6.6543e+00      1.5770e+00      6.6283e+00      1.5731e+00
      6.6145e+00      1.5428e+00      6.5959e+00      1.5389e+00
      6.5819e+00      1.5100e+00      6.5667e+00      1.5061e+00
      6.5418e+00      1.4787e+00      6.5430e+00      1.4745e+00
      6.5013e+00      1.4488e+00      6.5176e+00      1.4444e+00
      6.4696e+00      1.4199e+00      6.4911e+00      1.4154e+00
      6.4371e+00      1.3922e+00      6.4626e+00      1.3877e+00
      6.4019e+00      1.3656e+00      6.4540e+00      1.3608e+00
      6.3790e+00      1.3398e+00      6.4305e+00      1.3351e+00
      6.3592e+00      1.3149e+00      6.4088e+00      1.3103e+00
      6.3363e+00      1.2909e+00      6.3779e+00      1.2866e+00
      6.3111e+00      1.2679e+00      6.3524e+00      1.2637e+00
      6.2901e+00      1.2457e+00      6.3243e+00      1.2416e+00
      6.2660e+00      1.2242e+00      6.3022e+00      1.2202e+00
      6.2421e+00      1.2035e+00      6.2787e+00      1.1996e+00
      6.2248e+00      1.1834e+00      6.2641e+00      1.1795e+00
      6.2047e+00      1.1641e+00      6.2470e+00      1.1602e+00
      6.1893e+00      1.1452e+00      6.2268e+00      1.1415e+00
      6.1633e+00      1.1272e+00      6.1986e+00      1.1236e+00
      6.1422e+00      1.1097e+00      6.1812e+00      1.1060e+00
      6.1258e+00      1.0926e+00      6.1640e+00      1.0890e+00
      6.1119e+00      1.0760e+00      6.1379e+00      1.0727e+00
      6.0891e+00      1.0600e+00      6.1161e+00      1.0568e+00
      6.0737e+00      1.0445e+00      6.0983e+00      1.0413e+00
      6.0558e+00      1.0294e+00      6.0800e+00      1.0262e+00
      6.0372e+00      1.0147e+00      6.0663e+00      1.0116e+00
      6.0292e+00      1.0004e+00      6.0539e+00      9.9728e-01
      6.0138e+00      9.8648e-01      6.0352e+00      9.8351e-01
      5.9983e+00      9.7300e-01      6.0230e+00      9.7002e-01
      5.9854e+00      9.5985e-01      6.0133e+00      9.5688e-01
      5.9647e+00      9.4719e-01      6.0046e+00      9.4407e-01
      5.9535e+00      9.3471e-01      5.9889e+00      9.3170e-01
      5.9454e+00      9.2253e-01      5.9688e+00      9.1974e-01
      5.9344e+00      9.1069e-01      5.9471e+00      9.0813e-01
      5.9194e+00      8.9921e-01      5.9316e+00      8.9669e-01
      5.9146e+00      8.8791e-01      5.9170e+00      8.8554e-01
      5.9023e+00      8.7697e-01      5.9211e+00      8.7455e-01
      5.8886e+00      8.6632e-01      5.9112e+00      8.6387e-01
      5.8784e+00      8.5588e-01      5.8985e+00      8.5349e-01
      5.8717e+00      8.4565e-01      5.8859e+00      8.4337e-01
      5.8557e+00      8.3580e-01      5.8734e+00      8.3348e-01
      5.8428e+00      8.2612e-01      5.8664e+00      8.2376e-01
      5.8369e+00      8.1659e-01      5.8575e+00      8.1429e-01
      5.8279e+00      8.0731e-01      5.8510e+00      8.0501e-01
      5.8135e+00      7.9832e-01      5.8441e+00      7.9594e-01
      5.7997e+00      7.8952e-01      5.8322e+00      7.8714e-01
      5.7850e+00      7.8093e-01      5.8301e+00      7.7844e-01
      5.7754e+00      7.7246e-01      5.8191e+00      7.7001e-01
      5.7703e+00      7.6412e-01      5.8184e+00      7.6169e-01
      5.7638e+00      7.5598e-01      5.8074e+00      7.5362e-01
      5.7570e+00      7.4801e-01      5.7958e+00      7.4574e-01
      5.7468e+00      7.4025e-01      5.7933e+00      7.3793e-01
      5.7417e+00      7.3259e-01      5.7827e+00      7.3036e-01
      5.7326e+00      7.2514e-01      5.7756e+00      7.2290e-01
      5.7263e+00      7.1780e-01      5.7734e+00      7.1557e-01
      5.7155e+00      7.1067e-01      5.7650e+00      7.0843e-01

