0
1
1.4217
1.73087
2.00649
2.23628
2.44675
2.64544
2.82424
2.99865
3.17033
3.34113
3.48808
3.63985
3.77966
3.9193
4.04174
4.17255
4.28704
4.40077
4.50282
4.61298
4.72069
4.82636
4.93706
5.04103
5.14036
5.23018
5.32103
5.40749
5.48851
5.58425
5.67884
5.76701
5.85206
5.94231
6.02393
6.10109
6.17629
6.25654
6.33562
6.42267
6.50028
6.57811
6.66323
6.73156
6.81265
6.89001
6.96028
7.03232
7.09319
7.15975
7.23698
7.29211
7.35952
7.42389
7.4801
7.54652
7.60449
7.66762
7.73995
7.80178
7.86378
7.92264
7.98091
8.05257
8.11532
8.17839
8.23872
8.30445
8.36522
8.41961
8.46751
8.53198
8.5965
8.65583
8.71937
8.77854
8.83365
8.87999
8.92974
8.99719
9.05146
9.10341
9.15164
9.20019
9.25316
9.30418
9.35933
9.40361
9.46305
9.51232
9.5572
9.60915
9.65327
9.70694
9.76703
9.82334
9.86091
9.90301
