0
1
1.41901
1.73055
2.001
2.23866
2.46077
2.66289
2.84682
3.01606
3.17411
3.32316
3.46877
3.6127
3.76053
3.89035
4.02361
4.14483
4.26718
4.38746
4.49911
4.60897
4.71481
4.82321
4.92532
5.03063
5.13174
5.21908
5.31059
5.40472
5.49511
5.57989
5.66893
5.7547
5.84584
5.92873
6.0034
6.08559
6.16681
6.25018
6.33064
6.41147
6.49504
6.57422
6.66113
6.73183
6.81108
6.88812
6.95836
7.03353
7.10203
7.17206
7.24037
7.30704
7.37337
7.44237
7.50389
7.56777
7.63432
7.6989
7.7745
7.8405
7.90722
7.96628
8.03309
8.09235
8.15738
8.22095
8.26618
8.33239
8.38674
8.43949
8.50767
8.57194
8.64577
8.70129
8.74748
8.8039
8.8596
8.91434
8.95954
9.00592
9.06116
9.12076
9.17393
9.23189
9.29239
9.33739
9.39135
9.44681
9.49762
9.55351
9.60431
9.66038
9.70509
9.75058
9.80503
9.84682
9.89794
9.9629
